-----------------------------------------------------------------------
| K = 1 | Porcentagem: 25.0 % | Normalização: min_max | Distância: euclidean |

| Taxa de acerto: 84.89999999999999 %, erro: 15.100000000000009 % |

[92, 0, 0, 1, 0, 3, 0, 2, 1, 1]
[0, 86, 2, 0, 0, 4, 3, 1, 0, 4]
[0, 1, 82, 6, 1, 5, 1, 0, 4, 0]
[1, 0, 13, 73, 0, 7, 3, 0, 0, 3]
[0, 1, 0, 0, 88, 2, 1, 2, 1, 5]
[0, 0, 1, 4, 0, 88, 2, 2, 3, 0]
[0, 1, 0, 0, 0, 1, 96, 1, 1, 0]
[0, 0, 0, 0, 2, 2, 0, 91, 0, 5]
[7, 2, 1, 4, 2, 7, 2, 3, 68, 4]
[0, 0, 0, 0, 4, 2, 1, 8, 0, 85]

-----------------------------------------------------------------------
-----------------------------------------------------------------------
| K = 3 | Porcentagem: 25.0 % | Normalização: min_max | Distância: euclidean |

| Taxa de acerto: 85.1 %, erro: 14.900000000000006 % |

[92, 0, 0, 2, 1, 2, 1, 0, 1, 1]
[0, 90, 3, 0, 1, 2, 1, 1, 1, 1]
[0, 2, 80, 10, 1, 2, 3, 0, 2, 0]
[1, 0, 14, 74, 2, 4, 2, 1, 0, 2]
[0, 1, 0, 0, 89, 0, 1, 0, 0, 9]
[0, 0, 0, 7, 2, 88, 1, 0, 0, 2]
[0, 1, 2, 0, 0, 2, 94, 0, 0, 1]
[0, 0, 0, 0, 2, 1, 0, 95, 0, 2]
[10, 1, 2, 2, 4, 5, 1, 1, 66, 8]
[0, 0, 0, 0, 5, 2, 0, 10, 0, 83]

-----------------------------------------------------------------------
-----------------------------------------------------------------------
| K = 5 | Porcentagem: 25.0 % | Normalização: min_max | Distância: euclidean |

| Taxa de acerto: 85.39999999999999 %, erro: 14.600000000000009 % |

[92, 0, 1, 1, 0, 3, 0, 1, 1, 1]
[0, 87, 3, 0, 2, 2, 2, 1, 2, 1]
[0, 1, 77, 13, 1, 3, 1, 0, 4, 0]
[1, 0, 15, 74, 2, 4, 2, 1, 0, 1]
[0, 1, 0, 0, 93, 2, 1, 0, 0, 3]
[0, 1, 0, 6, 0, 89, 1, 1, 0, 2]
[0, 0, 1, 0, 0, 3, 96, 0, 0, 0]
[0, 0, 0, 0, 1, 2, 0, 96, 0, 1]
[10, 2, 3, 5, 1, 6, 1, 1, 65, 6]
[0, 1, 0, 0, 4, 1, 0, 7, 2, 85]

-----------------------------------------------------------------------
-----------------------------------------------------------------------
| K = 7 | Porcentagem: 25.0 % | Normalização: min_max | Distância: euclidean |

| Taxa de acerto: 84.3 %, erro: 15.700000000000003 % |

[92, 0, 1, 1, 0, 3, 0, 1, 1, 1]
[0, 85, 3, 0, 3, 1, 2, 2, 3, 1]
[0, 0, 73, 19, 0, 4, 1, 0, 3, 0]
[1, 0, 13, 76, 1, 4, 3, 0, 0, 2]
[0, 0, 0, 0, 91, 4, 1, 0, 0, 4]
[0, 0, 0, 8, 1, 87, 2, 1, 0, 1]
[0, 0, 1, 0, 0, 3, 96, 0, 0, 0]
[0, 0, 0, 0, 1, 2, 0, 96, 0, 1]
[11, 2, 1, 5, 1, 6, 1, 4, 65, 4]
[0, 0, 1, 0, 5, 2, 0, 9, 1, 82]

-----------------------------------------------------------------------
-----------------------------------------------------------------------
| K = 9 | Porcentagem: 25.0 % | Normalização: min_max | Distância: euclidean |

| Taxa de acerto: 83.2 %, erro: 16.799999999999997 % |

[92, 0, 1, 1, 0, 3, 0, 1, 1, 1]
[0, 87, 3, 0, 1, 4, 2, 0, 2, 1]
[0, 0, 64, 27, 0, 4, 1, 1, 3, 0]
[1, 0, 15, 73, 1, 4, 2, 2, 0, 2]
[0, 0, 0, 0, 91, 4, 1, 0, 0, 4]
[0, 0, 1, 8, 0, 88, 1, 1, 0, 1]
[0, 0, 1, 0, 0, 4, 95, 0, 0, 0]
[0, 0, 0, 0, 1, 2, 0, 97, 0, 0]
[11, 2, 1, 5, 1, 8, 2, 1, 64, 5]
[0, 0, 1, 0, 6, 2, 0, 9, 1, 81]

-----------------------------------------------------------------------
-----------------------------------------------------------------------
| K = 11 | Porcentagem: 25.0 % | Normalização: min_max | Distância: euclidean |

| Taxa de acerto: 83.3 %, erro: 16.700000000000003 % |

[92, 0, 2, 1, 2, 1, 0, 1, 1, 0]
[0, 87, 3, 0, 2, 1, 2, 2, 2, 1]
[0, 0, 65, 28, 0, 2, 2, 0, 3, 0]
[1, 0, 14, 73, 2, 2, 2, 5, 0, 1]
[0, 0, 0, 0, 92, 1, 1, 0, 0, 6]
[0, 0, 1, 8, 1, 86, 1, 1, 0, 2]
[0, 0, 1, 0, 0, 3, 96, 0, 0, 0]
[0, 0, 0, 0, 1, 1, 0, 98, 0, 0]
[13, 1, 1, 5, 5, 3, 1, 2, 64, 5]
[0, 0, 1, 0, 6, 1, 0, 12, 0, 80]

-----------------------------------------------------------------------
-----------------------------------------------------------------------
| K = 13 | Porcentagem: 25.0 % | Normalização: min_max | Distância: euclidean |

| Taxa de acerto: 82.5 %, erro: 17.5 % |

[92, 0, 1, 1, 2, 1, 0, 2, 1, 0]
[0, 87, 3, 1, 1, 1, 2, 2, 3, 0]
[0, 1, 62, 31, 0, 1, 2, 0, 3, 0]
[1, 0, 14, 72, 1, 1, 3, 7, 0, 1]
[0, 0, 0, 0, 93, 0, 2, 1, 0, 4]
[0, 0, 1, 8, 0, 85, 1, 2, 0, 3]
[0, 0, 2, 0, 0, 2, 96, 0, 0, 0]
[0, 0, 0, 0, 1, 0, 0, 98, 0, 1]
[14, 3, 1, 5, 6, 1, 1, 4, 61, 4]
[0, 0, 0, 0, 7, 0, 0, 12, 2, 79]

-----------------------------------------------------------------------
-----------------------------------------------------------------------
| K = 15 | Porcentagem: 25.0 % | Normalização: min_max | Distância: euclidean |

| Taxa de acerto: 81.39999999999999 %, erro: 18.60000000000001 % |

[92, 1, 2, 1, 1, 0, 0, 2, 1, 0]
[0, 87, 3, 1, 0, 2, 1, 1, 3, 2]
[0, 1, 56, 35, 0, 1, 2, 1, 4, 0]
[1, 0, 15, 71, 1, 0, 3, 8, 0, 1]
[0, 0, 0, 0, 92, 1, 2, 1, 0, 4]
[0, 0, 1, 7, 1, 85, 1, 5, 0, 0]
[0, 0, 4, 0, 0, 2, 94, 0, 0, 0]
[0, 0, 0, 0, 2, 0, 0, 98, 0, 0]
[15, 3, 1, 6, 2, 2, 1, 8, 60, 2]
[0, 0, 1, 0, 4, 0, 0, 15, 1, 79]

-----------------------------------------------------------------------
-----------------------------------------------------------------------
| K = 17 | Porcentagem: 25.0 % | Normalização: min_max | Distância: euclidean |

| Taxa de acerto: 80.2 %, erro: 19.799999999999997 % |

[92, 1, 1, 2, 1, 0, 0, 2, 1, 0]
[0, 86, 3, 1, 1, 1, 1, 2, 5, 0]
[0, 0, 54, 37, 0, 1, 2, 2, 4, 0]
[1, 0, 16, 70, 1, 0, 3, 8, 0, 1]
[0, 0, 0, 0, 90, 1, 2, 3, 1, 3]
[0, 0, 1, 9, 0, 83, 1, 6, 0, 0]
[0, 0, 3, 0, 0, 1, 96, 0, 0, 0]
[0, 0, 0, 0, 1, 0, 0, 99, 0, 0]
[16, 4, 1, 4, 2, 1, 1, 8, 59, 4]
[0, 0, 1, 0, 3, 0, 0, 21, 2, 73]

-----------------------------------------------------------------------
-----------------------------------------------------------------------
| K = 19 | Porcentagem: 25.0 % | Normalização: min_max | Distância: euclidean |

| Taxa de acerto: 79.3 %, erro: 20.700000000000003 % |

[92, 1, 1, 2, 0, 0, 0, 3, 1, 0]
[0, 86, 3, 1, 0, 3, 1, 1, 5, 0]
[0, 0, 53, 38, 0, 1, 3, 1, 4, 0]
[1, 0, 17, 69, 0, 0, 3, 8, 0, 2]
[0, 0, 0, 0, 87, 1, 2, 4, 1, 5]
[0, 0, 1, 9, 0, 84, 1, 5, 0, 0]
[0, 0, 4, 0, 0, 2, 94, 0, 0, 0]
[0, 0, 0, 0, 1, 0, 0, 99, 0, 0]
[17, 4, 2, 5, 1, 2, 1, 9, 57, 2]
[0, 0, 1, 0, 5, 0, 0, 20, 2, 72]

-----------------------------------------------------------------------
-----------------------------------------------------------------------
| K = 1 | Porcentagem: 25.0 % | Normalização: min_max | Distância: manhattan |

| Taxa de acerto: 87.0 %, erro: 13.0 % |

[93, 0, 0, 0, 0, 5, 0, 0, 1, 1]
[0, 89, 0, 0, 0, 4, 3, 0, 0, 4]
[0, 2, 84, 1, 2, 5, 1, 4, 1, 0]
[1, 0, 9, 75, 0, 12, 1, 0, 0, 2]
[0, 1, 0, 0, 87, 4, 2, 1, 0, 5]
[0, 0, 1, 5, 0, 90, 1, 3, 0, 0]
[0, 1, 0, 0, 0, 2, 95, 1, 1, 0]
[0, 0, 0, 0, 1, 3, 0, 93, 0, 3]
[3, 3, 1, 1, 1, 6, 1, 3, 75, 6]
[0, 0, 0, 0, 3, 3, 0, 5, 0, 89]

-----------------------------------------------------------------------
-----------------------------------------------------------------------
| K = 3 | Porcentagem: 25.0 % | Normalização: min_max | Distância: manhattan |

| Taxa de acerto: 87.9 %, erro: 12.099999999999994 % |

[92, 0, 0, 1, 0, 3, 0, 2, 1, 1]
[0, 93, 2, 0, 0, 1, 2, 0, 1, 1]
[0, 4, 85, 1, 0, 3, 1, 3, 3, 0]
[1, 0, 8, 77, 0, 8, 2, 2, 0, 2]
[0, 3, 0, 0, 88, 3, 1, 1, 0, 4]
[0, 1, 0, 8, 0, 91, 0, 0, 0, 0]
[0, 1, 0, 0, 1, 2, 95, 0, 1, 0]
[0, 0, 0, 0, 1, 2, 0, 95, 0, 2]
[4, 4, 1, 3, 1, 6, 0, 0, 75, 6]
[0, 2, 0, 0, 2, 3, 0, 4, 1, 88]

-----------------------------------------------------------------------
-----------------------------------------------------------------------
| K = 5 | Porcentagem: 25.0 % | Normalização: min_max | Distância: manhattan |

| Taxa de acerto: 87.9 %, erro: 12.099999999999994 % |

[93, 1, 0, 0, 0, 4, 0, 0, 1, 1]
[1, 91, 3, 0, 1, 2, 0, 0, 0, 2]
[0, 1, 83, 4, 0, 5, 1, 4, 2, 0]
[1, 0, 9, 79, 1, 8, 1, 1, 0, 0]
[0, 3, 0, 0, 91, 3, 1, 0, 0, 2]
[0, 1, 1, 6, 0, 92, 0, 0, 0, 0]
[0, 0, 0, 0, 0, 3, 97, 0, 0, 0]
[0, 0, 0, 0, 1, 3, 0, 96, 0, 0]
[9, 7, 1, 2, 1, 7, 1, 0, 69, 3]
[0, 2, 0, 1, 2, 1, 0, 6, 0, 88]

-----------------------------------------------------------------------
-----------------------------------------------------------------------
| K = 7 | Porcentagem: 25.0 % | Normalização: min_max | Distância: manhattan |

| Taxa de acerto: 87.2 %, erro: 12.799999999999997 % |

[93, 1, 0, 0, 0, 4, 0, 0, 1, 1]
[1, 90, 1, 0, 0, 4, 1, 0, 1, 2]
[0, 0, 83, 4, 0, 6, 1, 2, 4, 0]
[1, 0, 12, 77, 0, 8, 1, 0, 0, 1]
[0, 0, 0, 0, 93, 4, 1, 1, 0, 1]
[0, 2, 1, 6, 0, 91, 0, 0, 0, 0]
[0, 0, 0, 0, 1, 3, 96, 0, 0, 0]
[0, 0, 0, 0, 1, 3, 0, 96, 0, 0]
[12, 2, 1, 2, 1, 14, 0, 0, 66, 2]
[0, 1, 0, 0, 2, 3, 0, 7, 0, 87]

-----------------------------------------------------------------------
-----------------------------------------------------------------------
| K = 9 | Porcentagem: 25.0 % | Normalização: min_max | Distância: manhattan |

| Taxa de acerto: 86.5 %, erro: 13.5 % |

[93, 0, 0, 0, 0, 5, 0, 0, 1, 1]
[0, 91, 1, 0, 0, 4, 3, 0, 0, 1]
[0, 0, 79, 8, 1, 6, 1, 1, 4, 0]
[1, 0, 12, 77, 0, 8, 1, 0, 0, 1]
[0, 0, 0, 0, 92, 5, 1, 0, 0, 2]
[0, 0, 1, 8, 0, 91, 0, 0, 0, 0]
[0, 1, 0, 0, 0, 3, 96, 0, 0, 0]
[0, 1, 0, 0, 1, 3, 0, 94, 0, 1]
[13, 1, 0, 2, 1, 15, 0, 0, 66, 2]
[0, 0, 0, 0, 2, 5, 0, 7, 0, 86]

-----------------------------------------------------------------------
-----------------------------------------------------------------------
| K = 11 | Porcentagem: 25.0 % | Normalização: min_max | Distância: manhattan |

| Taxa de acerto: 85.9 %, erro: 14.099999999999994 % |

[93, 0, 0, 0, 0, 5, 0, 0, 1, 1]
[1, 90, 2, 0, 0, 3, 1, 0, 2, 1]
[0, 0, 73, 16, 0, 6, 1, 0, 4, 0]
[1, 0, 12, 76, 0, 8, 1, 1, 0, 1]
[0, 0, 0, 0, 92, 5, 1, 0, 0, 2]
[0, 0, 1, 8, 0, 91, 0, 0, 0, 0]
[0, 2, 0, 0, 0, 4, 94, 0, 0, 0]
[0, 0, 0, 0, 1, 4, 0, 95, 0, 0]
[15, 2, 1, 1, 1, 10, 0, 0, 63, 7]
[0, 0, 0, 0, 0, 2, 0, 6, 0, 92]

-----------------------------------------------------------------------
-----------------------------------------------------------------------
| K = 13 | Porcentagem: 25.0 % | Normalização: min_max | Distância: manhattan |

| Taxa de acerto: 85.9 %, erro: 14.099999999999994 % |

[93, 0, 0, 0, 0, 5, 0, 0, 1, 1]
[1, 90, 1, 0, 0, 4, 2, 0, 1, 1]
[0, 0, 73, 15, 0, 6, 1, 2, 3, 0]
[1, 0, 12, 77, 0, 8, 1, 0, 0, 1]
[0, 0, 0, 0, 93, 3, 1, 1, 0, 2]
[0, 0, 1, 8, 1, 90, 0, 0, 0, 0]
[0, 2, 0, 0, 0, 3, 95, 0, 0, 0]
[0, 0, 0, 0, 0, 3, 0, 97, 0, 0]
[13, 4, 1, 1, 1, 11, 0, 1, 63, 5]
[0, 0, 0, 0, 1, 4, 0, 7, 0, 88]

-----------------------------------------------------------------------
-----------------------------------------------------------------------
| K = 15 | Porcentagem: 25.0 % | Normalização: min_max | Distância: manhattan |

| Taxa de acerto: 85.39999999999999 %, erro: 14.600000000000009 % |

[93, 0, 0, 0, 0, 6, 0, 0, 1, 0]
[1, 90, 1, 0, 0, 4, 3, 0, 1, 0]
[0, 1, 69, 20, 0, 6, 1, 0, 3, 0]
[1, 0, 11, 76, 1, 6, 1, 3, 0, 1]
[0, 0, 0, 0, 97, 0, 2, 0, 0, 1]
[0, 0, 1, 8, 2, 89, 0, 0, 0, 0]
[0, 2, 0, 0, 0, 3, 95, 0, 0, 0]
[0, 0, 0, 0, 0, 3, 0, 97, 0, 0]
[13, 6, 1, 1, 4, 7, 0, 1, 61, 6]
[0, 0, 0, 0, 1, 1, 0, 11, 0, 87]

-----------------------------------------------------------------------
-----------------------------------------------------------------------
| K = 17 | Porcentagem: 25.0 % | Normalização: min_max | Distância: manhattan |

| Taxa de acerto: 85.2 %, erro: 14.799999999999997 % |

[94, 0, 0, 0, 1, 3, 0, 0, 0, 2]
[0, 91, 2, 0, 1, 3, 2, 0, 0, 1]
[0, 1, 69, 21, 0, 4, 1, 2, 2, 0]
[1, 0, 14, 73, 1, 4, 1, 3, 0, 3]
[0, 0, 0, 0, 93, 2, 2, 0, 0, 3]
[0, 0, 1, 8, 2, 88, 0, 0, 1, 0]
[0, 1, 0, 0, 0, 3, 96, 0, 0, 0]
[0, 0, 0, 0, 1, 1, 0, 98, 0, 0]
[15, 4, 1, 1, 6, 3, 0, 1, 61, 8]
[0, 0, 0, 0, 0, 0, 0, 11, 0, 89]

-----------------------------------------------------------------------
-----------------------------------------------------------------------
| K = 19 | Porcentagem: 25.0 % | Normalização: min_max | Distância: manhattan |

| Taxa de acerto: 83.7 %, erro: 16.299999999999997 % |

[93, 0, 0, 0, 1, 3, 0, 0, 1, 2]
[0, 91, 2, 0, 1, 3, 2, 0, 1, 0]
[0, 2, 67, 21, 0, 4, 1, 3, 2, 0]
[1, 0, 15, 73, 1, 4, 1, 3, 0, 2]
[0, 0, 0, 0, 93, 1, 2, 0, 0, 4]
[0, 0, 1, 9, 2, 87, 0, 0, 1, 0]
[0, 1, 0, 0, 0, 3, 96, 0, 0, 0]
[0, 0, 0, 0, 2, 0, 0, 97, 0, 1]
[18, 5, 1, 1, 7, 3, 0, 1, 57, 7]
[0, 0, 0, 0, 0, 0, 0, 16, 1, 83]

-----------------------------------------------------------------------
-----------------------------------------------------------------------
| K = 1 | Porcentagem: 25.0 % | Normalização: z_score | Distância: euclidean |

| Taxa de acerto: 88.8 %, erro: 11.200000000000003 % |

[94, 1, 0, 2, 0, 1, 0, 0, 1, 1]
[0, 89, 3, 1, 2, 1, 2, 0, 1, 1]
[1, 2, 79, 10, 0, 1, 2, 2, 2, 1]
[1, 0, 6, 82, 1, 0, 6, 3, 0, 1]
[1, 1, 0, 0, 94, 0, 1, 0, 1, 2]
[0, 0, 1, 3, 0, 93, 2, 1, 0, 0]
[2, 0, 0, 0, 0, 0, 98, 0, 0, 0]
[0, 0, 0, 1, 3, 0, 0, 94, 0, 2]
[6, 2, 1, 2, 3, 4, 3, 1, 75, 3]
[0, 2, 0, 0, 4, 0, 0, 3, 1, 90]

-----------------------------------------------------------------------
-----------------------------------------------------------------------
| K = 3 | Porcentagem: 25.0 % | Normalização: z_score | Distância: euclidean |

| Taxa de acerto: 88.5 %, erro: 11.5 % |

[93, 0, 0, 0, 0, 2, 2, 1, 1, 1]
[0, 90, 3, 0, 1, 1, 3, 1, 0, 1]
[1, 0, 84, 4, 2, 1, 3, 1, 4, 0]
[1, 2, 8, 79, 2, 1, 3, 1, 0, 3]
[2, 3, 0, 0, 91, 0, 1, 0, 0, 3]
[0, 1, 1, 0, 1, 93, 1, 0, 1, 2]
[0, 0, 2, 0, 0, 0, 97, 0, 0, 1]
[1, 1, 0, 0, 1, 0, 0, 97, 0, 0]
[9, 3, 2, 2, 0, 2, 4, 3, 71, 4]
[2, 0, 0, 0, 2, 0, 1, 4, 1, 90]

-----------------------------------------------------------------------
-----------------------------------------------------------------------
| K = 5 | Porcentagem: 25.0 % | Normalização: z_score | Distância: euclidean |

| Taxa de acerto: 88.3 %, erro: 11.700000000000003 % |

[94, 1, 0, 1, 0, 2, 1, 0, 1, 0]
[1, 89, 3, 1, 0, 0, 2, 0, 3, 1]
[0, 0, 83, 4, 0, 1, 5, 2, 5, 0]
[1, 1, 7, 79, 2, 0, 3, 3, 0, 4]
[0, 1, 0, 0, 94, 0, 1, 0, 0, 4]
[0, 2, 0, 1, 1, 92, 1, 0, 2, 1]
[0, 0, 0, 0, 0, 1, 99, 0, 0, 0]
[0, 0, 0, 0, 0, 0, 1, 98, 0, 1]
[15, 7, 0, 4, 2, 1, 3, 1, 65, 2]
[0, 1, 0, 0, 3, 0, 1, 4, 1, 90]

-----------------------------------------------------------------------
-----------------------------------------------------------------------
| K = 7 | Porcentagem: 25.0 % | Normalização: z_score | Distância: euclidean |

| Taxa de acerto: 88.3 %, erro: 11.700000000000003 % |

[93, 1, 0, 3, 0, 0, 2, 0, 1, 0]
[0, 88, 3, 1, 0, 0, 3, 0, 4, 1]
[0, 0, 79, 5, 0, 1, 10, 2, 3, 0]
[1, 1, 7, 80, 2, 1, 4, 1, 0, 3]
[0, 0, 0, 0, 95, 0, 1, 0, 1, 3]
[0, 1, 0, 2, 2, 91, 2, 1, 1, 0]
[0, 0, 0, 0, 0, 0, 100, 0, 0, 0]
[0, 0, 0, 0, 0, 0, 1, 98, 0, 1]
[13, 6, 0, 4, 1, 1, 4, 1, 67, 3]
[0, 0, 0, 0, 4, 0, 1, 3, 0, 92]

-----------------------------------------------------------------------
-----------------------------------------------------------------------
| K = 9 | Porcentagem: 25.0 % | Normalização: z_score | Distância: euclidean |

| Taxa de acerto: 87.6 %, erro: 12.400000000000006 % |

[94, 1, 0, 2, 0, 0, 2, 0, 1, 0]
[0, 90, 3, 2, 0, 0, 1, 0, 2, 2]
[0, 1, 82, 4, 0, 1, 6, 3, 3, 0]
[2, 1, 8, 80, 1, 0, 3, 2, 0, 3]
[0, 0, 0, 0, 93, 0, 2, 0, 1, 4]
[0, 2, 0, 4, 2, 91, 1, 0, 0, 0]
[0, 0, 1, 0, 0, 1, 98, 0, 0, 0]
[0, 0, 0, 0, 1, 0, 0, 98, 0, 1]
[13, 6, 0, 4, 3, 1, 3, 1, 65, 4]
[0, 0, 0, 0, 7, 0, 0, 7, 1, 85]

-----------------------------------------------------------------------
-----------------------------------------------------------------------
| K = 11 | Porcentagem: 25.0 % | Normalização: z_score | Distância: euclidean |

| Taxa de acerto: 87.5 %, erro: 12.5 % |

[95, 1, 0, 3, 0, 0, 0, 0, 1, 0]
[0, 90, 3, 1, 0, 1, 3, 0, 1, 1]
[0, 0, 82, 5, 0, 1, 5, 3, 4, 0]
[1, 1, 8, 79, 1, 1, 3, 3, 0, 3]
[0, 0, 0, 0, 95, 0, 2, 0, 1, 2]
[0, 1, 0, 4, 2, 90, 3, 0, 0, 0]
[0, 0, 0, 0, 0, 1, 99, 0, 0, 0]
[0, 0, 0, 0, 1, 0, 0, 98, 0, 1]
[14, 10, 1, 5, 3, 2, 1, 1, 60, 3]
[0, 0, 0, 0, 7, 0, 0, 5, 1, 87]

-----------------------------------------------------------------------
-----------------------------------------------------------------------
| K = 13 | Porcentagem: 25.0 % | Normalização: z_score | Distância: euclidean |

| Taxa de acerto: 87.0 %, erro: 13.0 % |

[95, 1, 0, 3, 0, 0, 0, 0, 1, 0]
[0, 88, 3, 1, 0, 1, 2, 0, 4, 1]
[0, 0, 80, 6, 0, 1, 6, 2, 5, 0]
[1, 1, 7, 80, 2, 0, 3, 4, 0, 2]
[0, 0, 0, 0, 94, 0, 2, 0, 1, 3]
[0, 1, 0, 4, 2, 89, 2, 2, 0, 0]
[0, 0, 1, 0, 0, 1, 98, 0, 0, 0]
[0, 0, 0, 0, 0, 0, 0, 98, 0, 2]
[16, 9, 0, 4, 4, 1, 0, 1, 62, 3]
[0, 0, 0, 0, 8, 0, 0, 5, 1, 86]

-----------------------------------------------------------------------
-----------------------------------------------------------------------
| K = 15 | Porcentagem: 25.0 % | Normalização: z_score | Distância: euclidean |

| Taxa de acerto: 86.2 %, erro: 13.799999999999997 % |

[96, 1, 0, 1, 0, 1, 0, 0, 1, 0]
[0, 88, 3, 1, 0, 1, 2, 0, 5, 0]
[0, 1, 79, 8, 0, 1, 4, 2, 5, 0]
[1, 1, 5, 77, 3, 0, 3, 6, 0, 4]
[0, 1, 0, 0, 94, 0, 2, 0, 1, 2]
[0, 1, 0, 5, 2, 86, 3, 2, 1, 0]
[0, 1, 0, 0, 0, 1, 98, 0, 0, 0]
[0, 0, 0, 0, 0, 0, 0, 98, 0, 2]
[14, 9, 0, 5, 4, 2, 0, 1, 62, 3]
[0, 0, 0, 0, 9, 0, 0, 6, 1, 84]

-----------------------------------------------------------------------
-----------------------------------------------------------------------
| K = 17 | Porcentagem: 25.0 % | Normalização: z_score | Distância: euclidean |

| Taxa de acerto: 86.0 %, erro: 14.0 % |

[96, 1, 0, 1, 0, 1, 0, 0, 1, 0]
[0, 87, 2, 2, 1, 2, 1, 0, 5, 0]
[0, 1, 77, 9, 0, 1, 5, 2, 5, 0]
[1, 1, 7, 78, 3, 1, 3, 3, 0, 3]
[0, 1, 0, 0, 92, 0, 2, 0, 2, 3]
[0, 1, 0, 5, 2, 88, 2, 2, 0, 0]
[0, 0, 0, 0, 0, 2, 98, 0, 0, 0]
[0, 0, 0, 0, 0, 0, 0, 97, 0, 3]
[15, 10, 0, 5, 3, 3, 0, 1, 60, 3]
[0, 0, 0, 0, 8, 0, 0, 4, 1, 87]

-----------------------------------------------------------------------
-----------------------------------------------------------------------
| K = 19 | Porcentagem: 25.0 % | Normalização: z_score | Distância: euclidean |

| Taxa de acerto: 86.2 %, erro: 13.799999999999997 % |

[96, 1, 0, 1, 0, 1, 0, 0, 1, 0]
[0, 87, 1, 1, 1, 2, 2, 0, 6, 0]
[0, 1, 77, 11, 0, 1, 4, 1, 5, 0]
[1, 1, 6, 80, 2, 2, 3, 1, 0, 4]
[0, 1, 0, 0, 92, 0, 2, 0, 1, 4]
[0, 1, 0, 5, 2, 87, 2, 2, 1, 0]
[0, 2, 1, 0, 0, 2, 95, 0, 0, 0]
[0, 0, 0, 0, 0, 0, 0, 97, 0, 3]
[15, 10, 0, 5, 4, 1, 0, 1, 61, 3]
[0, 0, 0, 0, 7, 0, 0, 2, 1, 90]

-----------------------------------------------------------------------
-----------------------------------------------------------------------
| K = 1 | Porcentagem: 25.0 % | Normalização: z_score | Distância: manhattan |

| Taxa de acerto: 90.7 %, erro: 9.299999999999997 % |

[96, 0, 0, 0, 1, 2, 0, 0, 0, 1]
[0, 89, 3, 1, 3, 1, 1, 0, 0, 2]
[0, 3, 81, 8, 0, 1, 1, 4, 2, 0]
[2, 0, 5, 89, 0, 0, 2, 1, 0, 1]
[1, 0, 0, 0, 97, 1, 1, 0, 0, 0]
[0, 1, 1, 3, 0, 92, 1, 0, 0, 2]
[1, 1, 0, 0, 0, 2, 96, 0, 0, 0]
[0, 0, 0, 2, 1, 0, 0, 96, 0, 1]
[2, 2, 1, 1, 3, 4, 2, 0, 81, 4]
[1, 2, 0, 0, 3, 0, 0, 4, 0, 90]

-----------------------------------------------------------------------
-----------------------------------------------------------------------
| K = 3 | Porcentagem: 25.0 % | Normalização: z_score | Distância: manhattan |

| Taxa de acerto: 91.0 %, erro: 9.0 % |

[94, 1, 1, 0, 1, 2, 1, 0, 0, 0]
[1, 93, 3, 0, 0, 1, 1, 0, 0, 1]
[0, 0, 87, 1, 2, 3, 2, 1, 4, 0]
[1, 0, 8, 83, 0, 4, 2, 1, 0, 1]
[0, 2, 0, 0, 95, 1, 1, 0, 0, 1]
[0, 0, 1, 1, 2, 92, 1, 1, 2, 0]
[0, 0, 1, 0, 0, 1, 98, 0, 0, 0]
[1, 1, 0, 0, 1, 0, 0, 97, 0, 0]
[5, 0, 1, 1, 4, 3, 2, 0, 81, 3]
[0, 2, 0, 1, 2, 2, 1, 2, 0, 90]

-----------------------------------------------------------------------
-----------------------------------------------------------------------
| K = 5 | Porcentagem: 25.0 % | Normalização: z_score | Distância: manhattan |

| Taxa de acerto: 89.5 %, erro: 10.5 % |

[94, 0, 0, 1, 0, 1, 2, 1, 1, 0]
[0, 93, 3, 0, 0, 2, 0, 0, 1, 1]
[0, 1, 82, 1, 0, 3, 4, 4, 4, 1]
[1, 1, 6, 80, 1, 8, 2, 0, 0, 1]
[0, 0, 0, 0, 95, 2, 1, 0, 0, 2]
[0, 0, 0, 1, 2, 93, 2, 1, 1, 0]
[0, 0, 0, 0, 0, 3, 97, 0, 0, 0]
[0, 0, 0, 0, 1, 0, 1, 97, 0, 1]
[8, 4, 1, 3, 2, 3, 2, 1, 75, 1]
[0, 1, 0, 0, 2, 3, 1, 3, 1, 89]

-----------------------------------------------------------------------
-----------------------------------------------------------------------
| K = 7 | Porcentagem: 25.0 % | Normalização: z_score | Distância: manhattan |

| Taxa de acerto: 88.9 %, erro: 11.099999999999994 % |

[93, 0, 0, 0, 0, 3, 2, 1, 1, 0]
[1, 94, 3, 0, 0, 1, 0, 0, 0, 1]
[0, 3, 82, 0, 0, 2, 3, 5, 5, 0]
[1, 2, 6, 82, 1, 5, 2, 0, 0, 1]
[0, 0, 0, 0, 93, 3, 1, 0, 0, 3]
[0, 1, 0, 3, 1, 91, 0, 1, 3, 0]
[0, 0, 0, 0, 0, 3, 97, 0, 0, 0]
[0, 0, 0, 0, 2, 1, 0, 97, 0, 0]
[9, 2, 0, 3, 1, 8, 2, 1, 71, 3]
[1, 0, 0, 0, 8, 0, 1, 1, 0, 89]

-----------------------------------------------------------------------
-----------------------------------------------------------------------
| K = 9 | Porcentagem: 25.0 % | Normalização: z_score | Distância: manhattan |

| Taxa de acerto: 88.8 %, erro: 11.200000000000003 % |

[93, 2, 0, 0, 2, 1, 1, 0, 1, 0]
[0, 95, 3, 0, 0, 0, 0, 0, 1, 1]
[0, 0, 81, 2, 0, 2, 6, 5, 4, 0]
[1, 1, 5, 83, 6, 2, 1, 0, 0, 1]
[0, 0, 0, 0, 96, 2, 1, 0, 0, 1]
[0, 0, 0, 3, 2, 92, 0, 0, 3, 0]
[0, 0, 0, 0, 0, 1, 99, 0, 0, 0]
[0, 0, 0, 0, 1, 1, 1, 97, 0, 0]
[14, 8, 0, 0, 2, 7, 0, 1, 65, 3]
[0, 1, 0, 0, 8, 0, 0, 4, 0, 87]

-----------------------------------------------------------------------
-----------------------------------------------------------------------
| K = 11 | Porcentagem: 25.0 % | Normalização: z_score | Distância: manhattan |

| Taxa de acerto: 89.0 %, erro: 11.0 % |

[94, 3, 0, 0, 1, 0, 1, 0, 1, 0]
[0, 94, 2, 0, 1, 0, 1, 0, 1, 1]
[0, 2, 81, 1, 1, 1, 3, 5, 6, 0]
[1, 2, 4, 83, 3, 1, 4, 1, 0, 1]
[0, 2, 0, 0, 95, 1, 1, 0, 0, 1]
[0, 2, 0, 4, 1, 90, 1, 0, 2, 0]
[0, 2, 0, 0, 0, 0, 98, 0, 0, 0]
[1, 0, 0, 0, 1, 0, 0, 98, 0, 0]
[14, 6, 0, 1, 4, 2, 1, 0, 67, 5]
[0, 0, 0, 0, 4, 2, 0, 4, 0, 90]

-----------------------------------------------------------------------
-----------------------------------------------------------------------
| K = 13 | Porcentagem: 25.0 % | Normalização: z_score | Distância: manhattan |

| Taxa de acerto: 88.9 %, erro: 11.099999999999994 % |

[93, 6, 0, 0, 0, 0, 0, 0, 1, 0]
[0, 93, 2, 0, 0, 2, 1, 0, 1, 1]
[0, 4, 82, 1, 1, 0, 1, 4, 7, 0]
[2, 5, 4, 83, 1, 1, 2, 0, 0, 2]
[0, 1, 0, 0, 96, 1, 2, 0, 0, 0]
[0, 1, 0, 6, 1, 89, 1, 1, 1, 0]
[0, 2, 0, 0, 0, 0, 98, 0, 0, 0]
[0, 1, 0, 0, 0, 0, 1, 97, 0, 1]
[13, 11, 0, 0, 1, 1, 2, 0, 66, 6]
[0, 2, 0, 0, 2, 0, 0, 4, 0, 92]

-----------------------------------------------------------------------
-----------------------------------------------------------------------
| K = 15 | Porcentagem: 25.0 % | Normalização: z_score | Distância: manhattan |

| Taxa de acerto: 88.7 %, erro: 11.299999999999997 % |

[93, 5, 0, 0, 0, 1, 0, 0, 1, 0]
[0, 94, 2, 0, 0, 1, 1, 0, 1, 1]
[0, 4, 83, 2, 1, 1, 2, 3, 4, 0]
[1, 6, 3, 85, 1, 1, 2, 0, 0, 1]
[0, 4, 0, 0, 93, 1, 1, 0, 0, 1]
[0, 3, 0, 5, 1, 90, 0, 1, 0, 0]
[0, 1, 0, 0, 0, 1, 98, 0, 0, 0]
[0, 2, 0, 0, 0, 0, 0, 96, 0, 2]
[14, 13, 0, 1, 0, 3, 0, 0, 64, 5]
[1, 0, 0, 0, 2, 2, 2, 2, 0, 91]

-----------------------------------------------------------------------
-----------------------------------------------------------------------
| K = 17 | Porcentagem: 25.0 % | Normalização: z_score | Distância: manhattan |

| Taxa de acerto: 88.5 %, erro: 11.5 % |

[94, 5, 0, 0, 0, 0, 0, 0, 1, 0]
[0, 94, 2, 0, 0, 1, 1, 0, 2, 0]
[0, 4, 81, 3, 0, 0, 3, 3, 6, 0]
[1, 6, 3, 83, 2, 3, 1, 0, 0, 1]
[0, 2, 0, 0, 93, 1, 2, 0, 0, 2]
[0, 1, 0, 5, 4, 89, 0, 1, 0, 0]
[0, 2, 0, 0, 0, 1, 97, 0, 0, 0]
[0, 1, 0, 0, 0, 0, 0, 96, 0, 3]
[14, 12, 0, 1, 1, 3, 0, 0, 65, 4]
[0, 3, 0, 0, 1, 1, 0, 2, 0, 93]

-----------------------------------------------------------------------
-----------------------------------------------------------------------
| K = 19 | Porcentagem: 25.0 % | Normalização: z_score | Distância: manhattan |

| Taxa de acerto: 88.6 %, erro: 11.400000000000006 % |

[93, 4, 0, 0, 2, 0, 0, 0, 1, 0]
[0, 95, 0, 0, 0, 0, 3, 0, 2, 0]
[0, 3, 83, 2, 0, 2, 3, 3, 4, 0]
[1, 4, 4, 85, 1, 2, 1, 1, 0, 1]
[0, 1, 0, 0, 92, 0, 2, 0, 0, 5]
[0, 3, 0, 6, 1, 89, 0, 1, 0, 0]
[0, 2, 0, 0, 0, 1, 97, 0, 0, 0]
[0, 1, 0, 0, 0, 0, 0, 97, 0, 2]
[16, 13, 0, 1, 2, 2, 0, 0, 60, 6]
[0, 1, 0, 0, 3, 0, 0, 1, 0, 95]

-----------------------------------------------------------------------
-----------------------------------------------------------------------
| K = 1 | Porcentagem: 50.0 % | Normalização: min_max | Distância: euclidean |

| Taxa de acerto: 88.1 %, erro: 11.900000000000006 % |

[93, 0, 0, 1, 1, 3, 0, 1, 0, 1]
[0, 90, 3, 0, 1, 3, 1, 0, 1, 1]
[0, 2, 80, 7, 2, 2, 1, 0, 6, 0]
[1, 3, 6, 82, 0, 3, 1, 0, 0, 4]
[1, 1, 0, 1, 92, 1, 1, 0, 0, 3]
[0, 3, 1, 3, 0, 92, 0, 0, 0, 1]
[2, 0, 1, 1, 0, 1, 95, 0, 0, 0]
[0, 0, 0, 2, 1, 0, 0, 94, 0, 3]
[4, 3, 1, 4, 0, 4, 0, 2, 78, 4]
[0, 1, 0, 2, 2, 3, 0, 6, 1, 85]

-----------------------------------------------------------------------
-----------------------------------------------------------------------
| K = 3 | Porcentagem: 50.0 % | Normalização: min_max | Distância: euclidean |

| Taxa de acerto: 88.6 %, erro: 11.400000000000006 % |

[93, 0, 0, 1, 1, 2, 0, 1, 1, 1]
[0, 89, 3, 0, 1, 3, 1, 0, 3, 0]
[0, 1, 87, 3, 0, 4, 1, 0, 4, 0]
[0, 1, 5, 84, 2, 3, 1, 0, 1, 3]
[0, 3, 0, 0, 92, 0, 1, 0, 0, 4]
[2, 0, 0, 4, 2, 90, 0, 0, 0, 2]
[0, 2, 2, 0, 0, 1, 95, 0, 0, 0]
[0, 0, 0, 0, 0, 0, 0, 94, 0, 6]
[8, 2, 2, 2, 2, 3, 0, 1, 75, 5]
[0, 1, 0, 0, 3, 2, 0, 6, 1, 87]

-----------------------------------------------------------------------
-----------------------------------------------------------------------
| K = 5 | Porcentagem: 50.0 % | Normalização: min_max | Distância: euclidean |

| Taxa de acerto: 88.5 %, erro: 11.5 % |

[95, 0, 0, 1, 0, 2, 0, 0, 0, 2]
[1, 88, 3, 0, 0, 3, 1, 0, 1, 3]
[0, 1, 88, 6, 0, 1, 1, 0, 3, 0]
[3, 0, 6, 82, 0, 2, 1, 1, 0, 5]
[0, 0, 0, 0, 94, 0, 1, 0, 0, 5]
[1, 0, 0, 3, 1, 92, 0, 0, 0, 3]
[0, 1, 2, 0, 0, 1, 95, 1, 0, 0]
[0, 0, 0, 0, 0, 0, 0, 96, 0, 4]
[9, 4, 2, 3, 1, 2, 1, 2, 69, 7]
[1, 0, 0, 1, 4, 0, 0, 7, 1, 86]

-----------------------------------------------------------------------
-----------------------------------------------------------------------
| K = 7 | Porcentagem: 50.0 % | Normalização: min_max | Distância: euclidean |

| Taxa de acerto: 88.5 %, erro: 11.5 % |

[93, 0, 1, 1, 0, 2, 0, 0, 0, 3]
[0, 88, 3, 0, 1, 2, 2, 0, 3, 1]
[0, 1, 85, 5, 0, 3, 2, 1, 3, 0]
[1, 0, 9, 81, 2, 0, 2, 0, 0, 5]
[0, 0, 0, 0, 97, 0, 1, 0, 0, 2]
[0, 0, 0, 2, 2, 93, 0, 0, 0, 3]
[0, 0, 1, 0, 1, 1, 96, 0, 0, 1]
[0, 0, 0, 0, 1, 0, 0, 95, 0, 4]
[8, 1, 3, 3, 1, 5, 0, 1, 68, 10]
[0, 0, 0, 0, 4, 0, 0, 6, 1, 89]

-----------------------------------------------------------------------
-----------------------------------------------------------------------
| K = 9 | Porcentagem: 50.0 % | Normalização: min_max | Distância: euclidean |

| Taxa de acerto: 88.4 %, erro: 11.599999999999994 % |

[94, 0, 1, 1, 1, 1, 0, 0, 0, 2]
[0, 88, 3, 0, 1, 2, 2, 0, 3, 1]
[0, 2, 86, 6, 1, 1, 2, 0, 2, 0]
[1, 0, 9, 80, 4, 0, 2, 1, 0, 3]
[0, 0, 0, 0, 97, 0, 1, 0, 0, 2]
[0, 2, 0, 2, 1, 93, 0, 0, 0, 2]
[0, 1, 1, 0, 0, 2, 96, 0, 0, 0]
[0, 0, 0, 0, 1, 0, 0, 95, 0, 4]
[9, 5, 2, 2, 3, 5, 0, 1, 66, 7]
[0, 0, 1, 0, 1, 1, 0, 7, 1, 89]

-----------------------------------------------------------------------
-----------------------------------------------------------------------
| K = 11 | Porcentagem: 50.0 % | Normalização: min_max | Distância: euclidean |

| Taxa de acerto: 87.8 %, erro: 12.200000000000003 % |

[93, 1, 2, 1, 0, 0, 0, 0, 0, 3]
[0, 88, 3, 0, 1, 2, 2, 0, 3, 1]
[0, 3, 86, 6, 0, 1, 2, 0, 2, 0]
[1, 1, 11, 77, 4, 1, 2, 0, 0, 3]
[0, 1, 0, 0, 97, 0, 1, 0, 0, 1]
[0, 2, 0, 3, 1, 92, 0, 0, 0, 2]
[0, 1, 1, 0, 0, 1, 96, 0, 0, 1]
[0, 0, 0, 0, 0, 0, 0, 97, 0, 3]
[11, 7, 2, 3, 2, 2, 0, 1, 66, 6]
[0, 1, 0, 0, 4, 1, 0, 7, 1, 86]

-----------------------------------------------------------------------
-----------------------------------------------------------------------
| K = 13 | Porcentagem: 50.0 % | Normalização: min_max | Distância: euclidean |

| Taxa de acerto: 87.0 %, erro: 13.0 % |

[93, 2, 2, 1, 0, 1, 0, 0, 0, 1]
[0, 87, 3, 0, 2, 2, 1, 0, 3, 2]
[0, 4, 84, 5, 0, 1, 2, 1, 3, 0]
[1, 3, 12, 77, 3, 1, 2, 0, 0, 1]
[0, 3, 0, 0, 94, 0, 1, 0, 0, 2]
[0, 4, 0, 4, 1, 91, 0, 0, 0, 0]
[0, 1, 1, 0, 0, 1, 96, 0, 0, 1]
[0, 1, 0, 0, 0, 0, 0, 97, 0, 2]
[11, 9, 3, 3, 2, 1, 1, 1, 64, 5]
[0, 1, 1, 0, 2, 1, 0, 6, 2, 87]

-----------------------------------------------------------------------
-----------------------------------------------------------------------
| K = 15 | Porcentagem: 50.0 % | Normalização: min_max | Distância: euclidean |

| Taxa de acerto: 86.9 %, erro: 13.099999999999994 % |

[93, 4, 1, 1, 0, 1, 0, 0, 0, 0]
[0, 88, 3, 0, 1, 2, 1, 0, 4, 1]
[0, 3, 85, 5, 0, 1, 2, 1, 3, 0]
[1, 4, 11, 78, 1, 0, 3, 0, 0, 2]
[0, 2, 0, 0, 95, 0, 2, 0, 0, 1]
[0, 3, 0, 5, 1, 90, 0, 0, 0, 1]
[0, 1, 2, 0, 0, 1, 95, 0, 0, 1]
[0, 2, 0, 0, 0, 0, 0, 97, 0, 1]
[13, 10, 2, 3, 2, 3, 0, 0, 62, 5]
[0, 1, 0, 0, 3, 1, 0, 7, 2, 86]

-----------------------------------------------------------------------
-----------------------------------------------------------------------
| K = 17 | Porcentagem: 50.0 % | Normalização: min_max | Distância: euclidean |

| Taxa de acerto: 86.2 %, erro: 13.799999999999997 % |

[93, 4, 2, 1, 0, 0, 0, 0, 0, 0]
[0, 88, 3, 0, 1, 2, 2, 0, 3, 1]
[0, 3, 84, 5, 0, 1, 3, 1, 3, 0]
[1, 4, 12, 78, 1, 0, 2, 0, 0, 2]
[0, 3, 0, 0, 94, 0, 1, 0, 1, 1]
[0, 3, 0, 6, 1, 88, 0, 1, 0, 1]
[0, 2, 2, 0, 0, 1, 95, 0, 0, 0]
[0, 2, 0, 0, 0, 0, 0, 97, 0, 1]
[13, 11, 3, 2, 2, 2, 0, 0, 61, 6]
[0, 2, 1, 0, 2, 1, 0, 9, 1, 84]

-----------------------------------------------------------------------
-----------------------------------------------------------------------
| K = 19 | Porcentagem: 50.0 % | Normalização: min_max | Distância: euclidean |

| Taxa de acerto: 85.7 %, erro: 14.299999999999997 % |

[92, 4, 2, 1, 0, 0, 0, 0, 1, 0]
[0, 88, 3, 0, 1, 2, 2, 0, 3, 1]
[0, 3, 84, 6, 0, 1, 2, 1, 3, 0]
[1, 4, 11, 77, 2, 0, 3, 1, 0, 1]
[0, 4, 0, 0, 94, 0, 1, 0, 1, 0]
[0, 4, 0, 6, 1, 88, 0, 1, 0, 0]
[0, 2, 2, 0, 0, 1, 95, 0, 0, 0]
[0, 2, 0, 0, 0, 0, 0, 97, 0, 1]
[12, 11, 2, 2, 2, 2, 0, 1, 58, 10]
[0, 2, 0, 0, 3, 1, 0, 9, 1, 84]

-----------------------------------------------------------------------
-----------------------------------------------------------------------
| K = 1 | Porcentagem: 50.0 % | Normalização: min_max | Distância: manhattan |

| Taxa de acerto: 88.8 %, erro: 11.200000000000003 % |

[93, 0, 0, 0, 1, 2, 0, 1, 0, 3]
[0, 90, 3, 0, 1, 3, 1, 0, 0, 2]
[0, 2, 78, 10, 2, 1, 1, 0, 5, 1]
[1, 4, 5, 84, 0, 3, 1, 0, 0, 2]
[1, 2, 0, 0, 90, 1, 1, 0, 0, 5]
[0, 3, 0, 5, 0, 90, 0, 0, 0, 2]
[2, 2, 0, 0, 0, 0, 96, 0, 0, 0]
[0, 0, 0, 2, 1, 0, 0, 95, 0, 2]
[2, 4, 0, 1, 2, 3, 0, 1, 83, 4]
[0, 1, 0, 0, 1, 2, 0, 6, 1, 89]

-----------------------------------------------------------------------
-----------------------------------------------------------------------
| K = 3 | Porcentagem: 50.0 % | Normalização: min_max | Distância: manhattan |

| Taxa de acerto: 88.7 %, erro: 11.299999999999997 % |

[94, 1, 0, 0, 1, 0, 0, 0, 1, 3]
[0, 93, 3, 0, 0, 1, 2, 0, 0, 1]
[0, 4, 83, 5, 0, 1, 2, 1, 3, 1]
[1, 1, 6, 82, 1, 2, 1, 0, 1, 5]
[0, 3, 0, 0, 92, 0, 1, 0, 0, 4]
[2, 1, 0, 5, 2, 88, 0, 0, 0, 2]
[0, 3, 0, 0, 0, 0, 96, 0, 0, 1]
[0, 1, 0, 0, 0, 0, 0, 94, 0, 5]
[8, 4, 1, 1, 2, 0, 0, 1, 77, 6]
[0, 5, 0, 0, 1, 0, 0, 5, 1, 88]

-----------------------------------------------------------------------
-----------------------------------------------------------------------
| K = 5 | Porcentagem: 50.0 % | Normalização: min_max | Distância: manhattan |

| Taxa de acerto: 89.2 %, erro: 10.799999999999997 % |

[95, 0, 0, 1, 0, 1, 0, 0, 0, 3]
[0, 94, 3, 0, 0, 1, 0, 0, 1, 1]
[0, 4, 85, 3, 0, 3, 1, 1, 2, 1]
[1, 4, 6, 84, 0, 0, 1, 1, 0, 3]
[0, 2, 0, 0, 90, 2, 1, 0, 0, 5]
[0, 1, 1, 2, 2, 92, 0, 0, 0, 2]
[0, 2, 0, 0, 0, 1, 96, 0, 0, 1]
[0, 0, 0, 0, 0, 0, 0, 95, 0, 5]
[10, 8, 1, 1, 2, 1, 0, 0, 71, 6]
[0, 2, 0, 0, 1, 0, 0, 6, 1, 90]

-----------------------------------------------------------------------
-----------------------------------------------------------------------
| K = 7 | Porcentagem: 50.0 % | Normalização: min_max | Distância: manhattan |

| Taxa de acerto: 88.8 %, erro: 11.200000000000003 % |

[94, 1, 0, 0, 0, 0, 0, 0, 0, 5]
[0, 94, 3, 0, 0, 1, 0, 0, 1, 1]
[0, 6, 85, 1, 0, 2, 1, 3, 2, 0]
[1, 6, 7, 82, 0, 0, 1, 0, 0, 3]
[0, 4, 0, 0, 91, 0, 1, 0, 0, 4]
[0, 2, 1, 2, 2, 91, 0, 0, 1, 1]
[0, 1, 0, 0, 1, 1, 96, 0, 0, 1]
[0, 1, 0, 0, 0, 0, 0, 95, 0, 4]
[9, 11, 1, 1, 0, 1, 0, 0, 70, 7]
[0, 4, 0, 0, 1, 0, 0, 5, 0, 90]

-----------------------------------------------------------------------
-----------------------------------------------------------------------
| K = 9 | Porcentagem: 50.0 % | Normalização: min_max | Distância: manhattan |

| Taxa de acerto: 88.5 %, erro: 11.5 % |

[94, 2, 0, 0, 0, 0, 0, 0, 0, 4]
[0, 94, 3, 0, 0, 1, 0, 0, 1, 1]
[0, 6, 85, 0, 0, 1, 1, 2, 4, 1]
[1, 5, 8, 80, 1, 0, 1, 1, 0, 3]
[0, 5, 0, 0, 91, 0, 1, 0, 0, 3]
[0, 2, 1, 2, 0, 92, 0, 0, 0, 3]
[0, 1, 2, 0, 1, 1, 95, 0, 0, 0]
[0, 1, 0, 0, 0, 0, 0, 96, 0, 3]
[8, 14, 2, 0, 1, 1, 0, 0, 69, 5]
[0, 4, 0, 0, 0, 0, 0, 7, 0, 89]

-----------------------------------------------------------------------
-----------------------------------------------------------------------
| K = 11 | Porcentagem: 50.0 % | Normalização: min_max | Distância: manhattan |

| Taxa de acerto: 87.8 %, erro: 12.200000000000003 % |

[94, 4, 0, 0, 0, 0, 0, 0, 0, 2]
[0, 93, 3, 0, 0, 1, 0, 0, 2, 1]
[0, 6, 84, 0, 0, 2, 1, 3, 3, 1]
[1, 7, 8, 81, 0, 0, 1, 0, 0, 2]
[0, 7, 0, 0, 91, 0, 1, 0, 0, 1]
[0, 5, 1, 3, 0, 90, 0, 0, 0, 1]
[0, 2, 1, 0, 0, 1, 96, 0, 0, 0]
[0, 2, 0, 0, 0, 0, 0, 95, 0, 3]
[12, 14, 0, 1, 1, 0, 0, 0, 67, 5]
[0, 5, 0, 0, 1, 0, 0, 7, 0, 87]

-----------------------------------------------------------------------
-----------------------------------------------------------------------
| K = 13 | Porcentagem: 50.0 % | Normalização: min_max | Distância: manhattan |

| Taxa de acerto: 87.9 %, erro: 12.099999999999994 % |

[93, 6, 0, 0, 0, 0, 0, 1, 0, 0]
[0, 94, 3, 0, 0, 1, 0, 0, 1, 1]
[0, 6, 83, 1, 0, 1, 1, 4, 4, 0]
[1, 8, 8, 81, 0, 0, 1, 0, 0, 1]
[0, 7, 0, 0, 91, 0, 1, 0, 0, 1]
[0, 6, 1, 2, 0, 90, 0, 0, 0, 1]
[0, 2, 0, 0, 0, 1, 97, 0, 0, 0]
[0, 2, 0, 0, 0, 0, 0, 96, 0, 2]
[12, 14, 0, 1, 0, 1, 0, 0, 66, 6]
[0, 5, 0, 0, 1, 0, 0, 6, 0, 88]

-----------------------------------------------------------------------
-----------------------------------------------------------------------
| K = 15 | Porcentagem: 50.0 % | Normalização: min_max | Distância: manhattan |

| Taxa de acerto: 87.1 %, erro: 12.900000000000006 % |

[93, 6, 0, 0, 0, 0, 0, 1, 0, 0]
[0, 94, 3, 0, 0, 1, 0, 0, 1, 1]
[0, 6, 84, 1, 0, 1, 1, 3, 4, 0]
[1, 8, 9, 80, 0, 0, 1, 0, 0, 1]
[0, 8, 0, 0, 91, 0, 1, 0, 0, 0]
[0, 6, 1, 4, 0, 88, 0, 0, 0, 1]
[0, 2, 0, 0, 0, 1, 97, 0, 0, 0]
[0, 3, 0, 0, 0, 0, 0, 96, 0, 1]
[15, 15, 0, 1, 0, 0, 0, 1, 62, 6]
[0, 6, 0, 0, 1, 0, 0, 7, 0, 86]

-----------------------------------------------------------------------
-----------------------------------------------------------------------
| K = 17 | Porcentagem: 50.0 % | Normalização: min_max | Distância: manhattan |

| Taxa de acerto: 86.6 %, erro: 13.400000000000006 % |

[93, 6, 0, 0, 0, 0, 0, 1, 0, 0]
[1, 94, 3, 0, 0, 0, 0, 0, 1, 1]
[0, 6, 84, 2, 0, 1, 1, 3, 3, 0]
[1, 8, 9, 80, 0, 0, 1, 0, 0, 1]
[0, 8, 0, 0, 91, 0, 1, 0, 0, 0]
[0, 7, 1, 6, 0, 86, 0, 0, 0, 0]
[0, 2, 1, 0, 0, 1, 96, 0, 0, 0]
[0, 4, 0, 0, 0, 0, 0, 96, 0, 0]
[15, 17, 0, 1, 0, 0, 0, 1, 60, 6]
[0, 6, 0, 0, 0, 0, 0, 8, 0, 86]

-----------------------------------------------------------------------
-----------------------------------------------------------------------
| K = 19 | Porcentagem: 50.0 % | Normalização: min_max | Distância: manhattan |

| Taxa de acerto: 86.8 %, erro: 13.200000000000003 % |

[93, 6, 0, 0, 0, 0, 0, 0, 0, 1]
[1, 94, 3, 0, 0, 0, 0, 0, 1, 1]
[0, 6, 84, 2, 0, 1, 1, 3, 3, 0]
[1, 8, 9, 80, 0, 0, 1, 0, 0, 1]
[0, 8, 0, 0, 91, 0, 1, 0, 0, 0]
[0, 6, 1, 7, 0, 86, 0, 0, 0, 0]
[0, 2, 1, 0, 0, 1, 96, 0, 0, 0]
[0, 4, 0, 0, 0, 0, 0, 96, 0, 0]
[13, 18, 0, 1, 0, 0, 0, 0, 62, 6]
[0, 6, 0, 0, 0, 0, 0, 8, 0, 86]

-----------------------------------------------------------------------
-----------------------------------------------------------------------
| K = 1 | Porcentagem: 50.0 % | Normalização: z_score | Distância: euclidean |

| Taxa de acerto: 88.8 %, erro: 11.200000000000003 % |

[94, 0, 2, 1, 1, 0, 1, 1, 0, 0]
[1, 87, 4, 0, 1, 1, 2, 0, 4, 0]
[1, 2, 86, 4, 0, 1, 2, 0, 4, 0]
[1, 3, 8, 82, 0, 2, 2, 0, 0, 2]
[1, 2, 1, 0, 90, 0, 1, 0, 1, 4]
[0, 3, 1, 1, 0, 93, 2, 0, 0, 0]
[2, 0, 0, 1, 0, 1, 96, 0, 0, 0]
[0, 0, 1, 0, 0, 0, 0, 96, 0, 3]
[6, 2, 3, 2, 1, 3, 3, 5, 72, 3]
[0, 2, 0, 0, 1, 0, 0, 4, 1, 92]

-----------------------------------------------------------------------
-----------------------------------------------------------------------
| K = 3 | Porcentagem: 50.0 % | Normalização: z_score | Distância: euclidean |

| Taxa de acerto: 89.2 %, erro: 10.799999999999997 % |

[94, 0, 1, 0, 1, 0, 1, 1, 0, 2]
[0, 86, 4, 0, 1, 1, 3, 0, 4, 1]
[0, 0, 89, 3, 0, 1, 4, 1, 2, 0]
[1, 2, 9, 81, 0, 0, 3, 1, 0, 3]
[0, 1, 0, 1, 91, 3, 1, 0, 2, 1]
[1, 1, 1, 1, 0, 94, 1, 0, 1, 0]
[0, 1, 0, 0, 1, 1, 97, 0, 0, 0]
[0, 0, 0, 0, 0, 0, 1, 97, 2, 0]
[4, 3, 2, 3, 1, 4, 3, 2, 74, 4]
[0, 0, 0, 0, 2, 0, 1, 4, 4, 89]

-----------------------------------------------------------------------
-----------------------------------------------------------------------
| K = 5 | Porcentagem: 50.0 % | Normalização: z_score | Distância: euclidean |

| Taxa de acerto: 88.9 %, erro: 11.099999999999994 % |

[94, 0, 0, 2, 0, 0, 2, 0, 0, 2]
[0, 87, 3, 0, 1, 1, 3, 0, 4, 1]
[0, 0, 85, 5, 0, 2, 4, 0, 4, 0]
[1, 2, 7, 82, 0, 0, 3, 1, 0, 4]
[1, 1, 0, 1, 91, 1, 1, 0, 0, 4]
[0, 0, 1, 1, 0, 93, 1, 0, 1, 3]
[0, 0, 0, 1, 0, 1, 97, 0, 0, 1]
[0, 0, 0, 0, 0, 1, 1, 97, 0, 1]
[9, 1, 1, 3, 0, 1, 3, 2, 73, 7]
[0, 0, 0, 0, 2, 0, 3, 4, 1, 90]

-----------------------------------------------------------------------
-----------------------------------------------------------------------
| K = 7 | Porcentagem: 50.0 % | Normalização: z_score | Distância: euclidean |

| Taxa de acerto: 88.8 %, erro: 11.200000000000003 % |

[95, 0, 0, 2, 0, 0, 1, 1, 0, 1]
[1, 88, 1, 0, 0, 1, 3, 0, 4, 2]
[0, 0, 87, 4, 0, 0, 3, 0, 6, 0]
[1, 1, 10, 80, 1, 0, 3, 0, 0, 4]
[0, 1, 0, 0, 92, 0, 1, 1, 1, 4]
[0, 1, 1, 2, 0, 92, 1, 1, 0, 2]
[0, 0, 0, 1, 0, 1, 97, 0, 0, 1]
[0, 0, 0, 0, 0, 0, 1, 96, 0, 3]
[10, 2, 1, 2, 0, 1, 3, 3, 70, 8]
[0, 0, 0, 0, 3, 0, 1, 4, 1, 91]

-----------------------------------------------------------------------
-----------------------------------------------------------------------
| K = 9 | Porcentagem: 50.0 % | Normalização: z_score | Distância: euclidean |

| Taxa de acerto: 88.6 %, erro: 11.400000000000006 % |

[96, 1, 0, 1, 0, 0, 0, 0, 1, 1]
[1, 88, 1, 0, 1, 0, 2, 1, 6, 0]
[0, 0, 86, 4, 0, 1, 3, 0, 6, 0]
[1, 1, 10, 79, 2, 1, 2, 0, 0, 4]
[0, 1, 0, 0, 96, 0, 1, 0, 1, 1]
[0, 0, 0, 3, 0, 92, 2, 0, 0, 3]
[0, 0, 1, 0, 0, 1, 97, 0, 0, 1]
[0, 0, 0, 0, 0, 0, 0, 96, 0, 4]
[17, 2, 1, 2, 2, 2, 1, 1, 65, 7]
[0, 0, 0, 0, 2, 0, 0, 5, 2, 91]

-----------------------------------------------------------------------
-----------------------------------------------------------------------
| K = 11 | Porcentagem: 50.0 % | Normalização: z_score | Distância: euclidean |

| Taxa de acerto: 89.0 %, erro: 11.0 % |

[96, 1, 0, 2, 0, 0, 0, 0, 1, 0]
[0, 88, 3, 0, 1, 0, 1, 0, 6, 1]
[0, 0, 87, 5, 0, 0, 3, 0, 5, 0]
[1, 1, 9, 79, 3, 1, 2, 0, 0, 4]
[0, 0, 0, 0, 97, 0, 2, 0, 1, 0]
[0, 1, 0, 2, 1, 91, 2, 0, 1, 2]
[0, 0, 0, 0, 0, 1, 98, 0, 0, 1]
[0, 0, 0, 0, 0, 0, 0, 96, 0, 4]
[15, 5, 1, 3, 0, 2, 0, 1, 66, 7]
[0, 0, 0, 0, 1, 0, 0, 5, 2, 92]

-----------------------------------------------------------------------
-----------------------------------------------------------------------
| K = 13 | Porcentagem: 50.0 % | Normalização: z_score | Distância: euclidean |

| Taxa de acerto: 89.2 %, erro: 10.799999999999997 % |

[96, 1, 0, 2, 0, 0, 0, 0, 0, 1]
[0, 89, 3, 1, 0, 0, 0, 0, 7, 0]
[0, 0, 86, 4, 0, 0, 5, 0, 5, 0]
[1, 1, 10, 79, 2, 1, 2, 0, 0, 4]
[0, 1, 0, 0, 96, 0, 2, 0, 1, 0]
[0, 2, 0, 1, 1, 93, 1, 0, 1, 1]
[0, 0, 0, 0, 0, 1, 99, 0, 0, 0]
[0, 0, 0, 0, 1, 0, 0, 97, 0, 2]
[16, 5, 1, 3, 1, 2, 0, 1, 64, 7]
[0, 0, 0, 0, 2, 0, 0, 3, 2, 93]

-----------------------------------------------------------------------
-----------------------------------------------------------------------
| K = 15 | Porcentagem: 50.0 % | Normalização: z_score | Distância: euclidean |

| Taxa de acerto: 89.4 %, erro: 10.599999999999994 % |

[96, 1, 0, 3, 0, 0, 0, 0, 0, 0]
[1, 89, 3, 0, 0, 0, 0, 0, 7, 0]
[0, 1, 86, 5, 0, 1, 3, 0, 4, 0]
[1, 1, 11, 78, 2, 1, 2, 0, 0, 4]
[0, 1, 0, 0, 96, 0, 2, 0, 1, 0]
[0, 2, 0, 1, 1, 94, 1, 0, 1, 0]
[0, 0, 0, 0, 0, 1, 99, 0, 0, 0]
[0, 0, 0, 0, 0, 0, 0, 98, 0, 2]
[17, 5, 1, 3, 1, 2, 0, 1, 66, 4]
[0, 0, 0, 0, 2, 0, 0, 4, 2, 92]

-----------------------------------------------------------------------
-----------------------------------------------------------------------
| K = 17 | Porcentagem: 50.0 % | Normalização: z_score | Distância: euclidean |

| Taxa de acerto: 88.8 %, erro: 11.200000000000003 % |

[96, 1, 0, 3, 0, 0, 0, 0, 0, 0]
[0, 88, 3, 0, 1, 0, 1, 0, 7, 0]
[0, 1, 87, 5, 0, 1, 3, 0, 3, 0]
[1, 1, 10, 78, 1, 2, 2, 0, 0, 5]
[0, 0, 0, 0, 97, 0, 2, 0, 1, 0]
[0, 1, 0, 2, 2, 94, 1, 0, 0, 0]
[0, 0, 0, 0, 0, 1, 98, 0, 1, 0]
[0, 0, 0, 0, 0, 0, 0, 98, 0, 2]
[18, 8, 1, 2, 1, 2, 0, 1, 61, 6]
[0, 0, 0, 0, 1, 0, 0, 6, 2, 91]

-----------------------------------------------------------------------
-----------------------------------------------------------------------
| K = 19 | Porcentagem: 50.0 % | Normalização: z_score | Distância: euclidean |

| Taxa de acerto: 88.0 %, erro: 12.0 % |

[95, 1, 0, 4, 0, 0, 0, 0, 0, 0]
[1, 88, 3, 0, 1, 0, 0, 0, 6, 1]
[0, 1, 86, 5, 0, 1, 4, 0, 3, 0]
[1, 1, 9, 81, 1, 1, 2, 0, 0, 4]
[0, 1, 0, 0, 95, 0, 2, 0, 1, 1]
[0, 1, 0, 3, 2, 91, 1, 0, 2, 0]
[0, 0, 0, 0, 0, 1, 98, 0, 1, 0]
[0, 0, 0, 0, 0, 0, 0, 97, 0, 3]
[18, 8, 1, 4, 2, 2, 0, 1, 58, 6]
[0, 0, 0, 0, 2, 0, 0, 5, 2, 91]

-----------------------------------------------------------------------
-----------------------------------------------------------------------
| K = 1 | Porcentagem: 50.0 % | Normalização: z_score | Distância: manhattan |

| Taxa de acerto: 90.0 %, erro: 10.0 % |

[95, 0, 1, 0, 1, 0, 2, 1, 0, 0]
[0, 92, 3, 0, 1, 1, 1, 0, 1, 1]
[0, 2, 86, 5, 0, 0, 2, 0, 5, 0]
[2, 3, 7, 81, 0, 3, 2, 1, 0, 1]
[1, 2, 0, 0, 90, 1, 1, 1, 1, 3]
[0, 2, 0, 3, 0, 94, 1, 0, 0, 0]
[1, 1, 0, 0, 0, 1, 97, 0, 0, 0]
[0, 0, 1, 0, 1, 1, 0, 94, 1, 2]
[5, 2, 1, 1, 1, 3, 3, 4, 78, 2]
[0, 2, 0, 0, 0, 0, 0, 4, 1, 93]

-----------------------------------------------------------------------
-----------------------------------------------------------------------
| K = 3 | Porcentagem: 50.0 % | Normalização: z_score | Distância: manhattan |

| Taxa de acerto: 90.60000000000001 %, erro: 9.399999999999991 % |

[95, 0, 0, 1, 1, 1, 1, 0, 1, 0]
[0, 93, 3, 0, 0, 1, 1, 0, 1, 1]
[1, 0, 86, 3, 1, 2, 2, 1, 4, 0]
[1, 1, 8, 85, 0, 1, 1, 1, 0, 2]
[0, 2, 0, 1, 92, 2, 1, 1, 1, 0]
[1, 1, 0, 2, 0, 94, 1, 0, 0, 1]
[0, 1, 0, 1, 1, 0, 97, 0, 0, 0]
[0, 1, 0, 0, 0, 2, 0, 96, 1, 0]
[4, 4, 1, 1, 1, 4, 3, 2, 78, 2]
[0, 0, 0, 0, 2, 0, 1, 5, 2, 90]

-----------------------------------------------------------------------
-----------------------------------------------------------------------
| K = 5 | Porcentagem: 50.0 % | Normalização: z_score | Distância: manhattan |

| Taxa de acerto: 90.8 %, erro: 9.200000000000003 % |

[94, 1, 1, 0, 0, 1, 2, 0, 0, 1]
[0, 94, 1, 0, 0, 1, 2, 0, 1, 1]
[0, 1, 86, 4, 0, 0, 4, 0, 5, 0]
[1, 0, 7, 84, 1, 3, 2, 0, 0, 2]
[0, 0, 0, 1, 93, 2, 1, 0, 0, 3]
[0, 1, 0, 2, 1, 93, 1, 0, 1, 1]
[0, 0, 0, 1, 0, 1, 98, 0, 0, 0]
[0, 0, 0, 1, 0, 1, 0, 97, 0, 1]
[6, 2, 1, 1, 1, 2, 3, 1, 77, 6]
[0, 1, 0, 0, 1, 1, 1, 4, 0, 92]

-----------------------------------------------------------------------
-----------------------------------------------------------------------
| K = 7 | Porcentagem: 50.0 % | Normalização: z_score | Distância: manhattan |

| Taxa de acerto: 90.2 %, erro: 9.799999999999997 % |

[94, 0, 0, 0, 0, 4, 1, 1, 0, 0]
[0, 94, 2, 0, 0, 1, 1, 0, 1, 1]
[0, 2, 88, 1, 0, 2, 2, 0, 5, 0]
[1, 0, 6, 82, 0, 6, 2, 0, 0, 3]
[0, 1, 0, 0, 91, 1, 1, 0, 1, 5]
[0, 2, 0, 1, 1, 94, 0, 0, 1, 1]
[0, 1, 0, 0, 0, 3, 96, 0, 0, 0]
[0, 0, 0, 1, 0, 0, 0, 96, 0, 3]
[7, 4, 0, 2, 3, 1, 0, 0, 76, 7]
[0, 0, 0, 0, 1, 0, 1, 6, 1, 91]

-----------------------------------------------------------------------
-----------------------------------------------------------------------
| K = 9 | Porcentagem: 50.0 % | Normalização: z_score | Distância: manhattan |

| Taxa de acerto: 90.2 %, erro: 9.799999999999997 % |

[94, 0, 0, 0, 1, 2, 0, 0, 1, 2]
[0, 94, 0, 0, 0, 0, 3, 0, 2, 1]
[0, 3, 86, 1, 0, 1, 3, 0, 6, 0]
[1, 2, 7, 83, 0, 3, 1, 2, 0, 1]
[0, 2, 0, 0, 94, 0, 1, 1, 0, 2]
[0, 3, 0, 2, 1, 93, 0, 1, 0, 0]
[0, 0, 0, 0, 1, 2, 96, 0, 0, 1]
[0, 0, 0, 0, 1, 1, 0, 96, 0, 2]
[8, 9, 0, 1, 2, 2, 1, 0, 73, 4]
[0, 2, 0, 0, 2, 0, 0, 3, 0, 93]

-----------------------------------------------------------------------
-----------------------------------------------------------------------
| K = 11 | Porcentagem: 50.0 % | Normalização: z_score | Distância: manhattan |

| Taxa de acerto: 89.0 %, erro: 11.0 % |

[95, 1, 0, 0, 1, 1, 0, 0, 0, 2]
[0, 94, 0, 0, 0, 0, 3, 0, 2, 1]
[0, 3, 85, 3, 0, 1, 2, 0, 6, 0]
[1, 2, 8, 80, 1, 6, 1, 0, 0, 1]
[0, 1, 0, 0, 94, 0, 1, 0, 0, 4]
[0, 3, 0, 1, 1, 91, 0, 1, 1, 2]
[0, 1, 0, 0, 0, 1, 97, 1, 0, 0]
[0, 0, 0, 1, 0, 1, 0, 96, 0, 2]
[14, 10, 0, 1, 2, 0, 1, 0, 65, 7]
[0, 1, 0, 0, 2, 1, 0, 3, 0, 93]

-----------------------------------------------------------------------
-----------------------------------------------------------------------
| K = 13 | Porcentagem: 50.0 % | Normalização: z_score | Distância: manhattan |

| Taxa de acerto: 88.7 %, erro: 11.299999999999997 % |

[94, 2, 0, 0, 1, 2, 1, 0, 0, 0]
[0, 94, 0, 0, 0, 0, 3, 0, 2, 1]
[0, 5, 85, 2, 0, 1, 1, 0, 6, 0]
[1, 2, 8, 81, 0, 3, 1, 1, 0, 3]
[0, 2, 0, 0, 94, 0, 1, 0, 0, 3]
[0, 4, 1, 1, 0, 92, 0, 0, 1, 1]
[0, 1, 0, 0, 1, 2, 96, 0, 0, 0]
[0, 0, 0, 0, 1, 1, 0, 97, 0, 1]
[13, 11, 0, 1, 2, 0, 0, 0, 63, 10]
[0, 1, 0, 0, 1, 1, 0, 6, 0, 91]

-----------------------------------------------------------------------
-----------------------------------------------------------------------
| K = 15 | Porcentagem: 50.0 % | Normalização: z_score | Distância: manhattan |

| Taxa de acerto: 88.6 %, erro: 11.400000000000006 % |

[94, 4, 0, 1, 0, 0, 0, 1, 0, 0]
[0, 94, 0, 0, 0, 0, 3, 0, 2, 1]
[0, 3, 88, 1, 0, 1, 1, 0, 5, 1]
[1, 3, 5, 82, 2, 4, 1, 0, 0, 2]
[0, 1, 0, 0, 94, 0, 1, 1, 0, 3]
[0, 4, 0, 2, 1, 89, 0, 1, 2, 1]
[0, 2, 0, 0, 0, 1, 96, 0, 0, 1]
[0, 0, 0, 0, 1, 1, 0, 97, 0, 1]
[14, 11, 0, 1, 1, 0, 0, 0, 62, 11]
[0, 2, 0, 0, 2, 0, 0, 6, 0, 90]

-----------------------------------------------------------------------
-----------------------------------------------------------------------
| K = 17 | Porcentagem: 50.0 % | Normalização: z_score | Distância: manhattan |

| Taxa de acerto: 88.8 %, erro: 11.200000000000003 % |

[95, 4, 0, 0, 0, 0, 1, 0, 0, 0]
[0, 94, 0, 0, 0, 0, 3, 0, 3, 0]
[0, 6, 88, 0, 0, 0, 2, 0, 4, 0]
[1, 5, 7, 81, 0, 2, 2, 1, 0, 1]
[0, 4, 0, 0, 92, 0, 1, 0, 0, 3]
[0, 4, 0, 2, 1, 90, 0, 1, 1, 1]
[0, 3, 0, 0, 0, 1, 96, 0, 0, 0]
[0, 1, 0, 0, 0, 0, 1, 97, 0, 1]
[13, 13, 0, 2, 0, 0, 0, 0, 63, 9]
[0, 3, 0, 0, 0, 1, 0, 4, 0, 92]

-----------------------------------------------------------------------
-----------------------------------------------------------------------
| K = 19 | Porcentagem: 50.0 % | Normalização: z_score | Distância: manhattan |

| Taxa de acerto: 88.3 %, erro: 11.700000000000003 % |

[94, 5, 0, 0, 0, 0, 0, 0, 1, 0]
[0, 94, 2, 0, 0, 0, 1, 0, 3, 0]
[0, 6, 86, 1, 0, 1, 1, 0, 5, 0]
[1, 4, 7, 80, 2, 2, 2, 1, 0, 1]
[0, 5, 0, 0, 92, 0, 1, 0, 0, 2]
[0, 5, 0, 2, 1, 91, 0, 1, 0, 0]
[0, 4, 0, 0, 0, 1, 95, 0, 0, 0]
[0, 1, 0, 0, 0, 0, 1, 97, 0, 1]
[15, 11, 0, 1, 0, 0, 0, 0, 61, 12]
[0, 4, 0, 0, 0, 0, 0, 3, 0, 93]

-----------------------------------------------------------------------
-----------------------------------------------------------------------
| K = 1 | Porcentagem: 100 % | Normalização: min_max | Distância: euclidean |

| Taxa de acerto: 88.8 %, erro: 11.200000000000003 % |

[92, 0, 0, 1, 0, 3, 1, 2, 1, 0]
[0, 87, 3, 1, 1, 3, 2, 0, 3, 0]
[0, 2, 84, 7, 0, 2, 0, 0, 5, 0]
[1, 0, 10, 81, 0, 5, 1, 0, 0, 2]
[0, 1, 0, 0, 92, 1, 1, 0, 1, 4]
[1, 1, 2, 1, 0, 95, 0, 0, 0, 0]
[2, 0, 0, 1, 0, 1, 96, 0, 0, 0]
[0, 0, 0, 2, 1, 0, 0, 95, 0, 2]
[4, 2, 1, 3, 2, 5, 1, 2, 76, 4]
[0, 1, 0, 0, 3, 3, 0, 3, 0, 90]

-----------------------------------------------------------------------
-----------------------------------------------------------------------
| K = 3 | Porcentagem: 100 % | Normalização: min_max | Distância: euclidean |

| Taxa de acerto: 88.8 %, erro: 11.200000000000003 % |

[93, 0, 0, 1, 1, 1, 0, 2, 0, 2]
[0, 88, 4, 0, 1, 2, 1, 0, 3, 1]
[0, 0, 86, 5, 1, 4, 1, 0, 2, 1]
[1, 3, 7, 81, 0, 2, 3, 0, 0, 3]
[0, 1, 1, 1, 91, 2, 1, 1, 1, 1]
[0, 2, 0, 2, 0, 91, 1, 1, 2, 1]
[0, 0, 0, 1, 0, 1, 97, 0, 1, 0]
[0, 0, 0, 1, 0, 1, 0, 96, 1, 1]
[5, 3, 3, 2, 1, 3, 2, 1, 75, 5]
[0, 1, 0, 2, 1, 1, 0, 5, 0, 90]

-----------------------------------------------------------------------
-----------------------------------------------------------------------
| K = 5 | Porcentagem: 100 % | Normalização: min_max | Distância: euclidean |

| Taxa de acerto: 89.60000000000001 %, erro: 10.399999999999991 % |

[93, 0, 1, 0, 1, 2, 0, 1, 0, 2]
[0, 86, 3, 0, 1, 2, 2, 0, 4, 2]
[0, 0, 87, 5, 2, 2, 1, 0, 3, 0]
[1, 0, 7, 84, 0, 2, 2, 0, 1, 3]
[0, 0, 0, 1, 93, 1, 1, 0, 0, 4]
[2, 0, 0, 1, 0, 94, 2, 0, 0, 1]
[0, 1, 0, 1, 0, 1, 97, 0, 0, 0]
[0, 0, 0, 0, 2, 0, 0, 96, 1, 1]
[3, 2, 3, 2, 1, 3, 2, 1, 77, 6]
[0, 0, 0, 0, 5, 1, 1, 4, 0, 89]

-----------------------------------------------------------------------
-----------------------------------------------------------------------
| K = 7 | Porcentagem: 100 % | Normalização: min_max | Distância: euclidean |

| Taxa de acerto: 89.1 %, erro: 10.900000000000006 % |

[93, 0, 0, 0, 1, 2, 0, 1, 0, 3]
[1, 87, 3, 0, 0, 2, 1, 1, 3, 2]
[0, 0, 86, 5, 0, 3, 2, 0, 4, 0]
[1, 1, 9, 83, 1, 0, 2, 0, 0, 3]
[0, 0, 0, 1, 94, 0, 1, 0, 0, 4]
[0, 0, 0, 3, 0, 93, 1, 0, 0, 3]
[0, 0, 0, 1, 0, 1, 97, 0, 0, 1]
[0, 0, 0, 0, 2, 0, 1, 96, 0, 1]
[7, 1, 2, 1, 1, 3, 2, 1, 73, 9]
[0, 0, 0, 0, 5, 1, 1, 4, 0, 89]

-----------------------------------------------------------------------
-----------------------------------------------------------------------
| K = 9 | Porcentagem: 100 % | Normalização: min_max | Distância: euclidean |

| Taxa de acerto: 89.0 %, erro: 11.0 % |

[93, 0, 0, 1, 1, 3, 0, 0, 0, 2]
[0, 87, 3, 0, 0, 2, 2, 1, 3, 2]
[0, 0, 87, 4, 0, 3, 2, 0, 4, 0]
[1, 0, 10, 82, 2, 0, 2, 0, 0, 3]
[0, 0, 0, 0, 97, 0, 1, 0, 0, 2]
[0, 0, 0, 2, 2, 93, 1, 0, 0, 2]
[0, 0, 1, 1, 0, 1, 96, 0, 0, 1]
[0, 0, 0, 0, 2, 1, 0, 96, 0, 1]
[8, 1, 1, 2, 4, 3, 2, 1, 72, 6]
[0, 0, 0, 0, 6, 0, 1, 6, 0, 87]

-----------------------------------------------------------------------
-----------------------------------------------------------------------
| K = 11 | Porcentagem: 100 % | Normalização: min_max | Distância: euclidean |

| Taxa de acerto: 89.1 %, erro: 10.900000000000006 % |

[93, 1, 0, 1, 0, 2, 2, 0, 0, 1]
[0, 87, 3, 0, 1, 2, 2, 1, 3, 1]
[0, 0, 86, 6, 0, 1, 3, 0, 4, 0]
[1, 0, 9, 84, 1, 0, 3, 0, 0, 2]
[0, 0, 0, 0, 96, 0, 1, 0, 0, 3]
[0, 1, 0, 2, 1, 93, 1, 0, 0, 2]
[0, 0, 1, 0, 0, 2, 96, 0, 0, 1]
[0, 0, 0, 0, 1, 0, 1, 98, 0, 0]
[9, 3, 1, 2, 1, 2, 3, 1, 71, 7]
[0, 0, 0, 0, 5, 1, 1, 6, 0, 87]

-----------------------------------------------------------------------
-----------------------------------------------------------------------
| K = 13 | Porcentagem: 100 % | Normalização: min_max | Distância: euclidean |

| Taxa de acerto: 89.2 %, erro: 10.799999999999997 % |

[93, 0, 0, 1, 0, 3, 2, 0, 0, 1]
[0, 88, 3, 0, 1, 1, 2, 1, 4, 0]
[0, 0, 86, 7, 0, 1, 2, 0, 4, 0]
[1, 0, 9, 84, 1, 0, 3, 0, 0, 2]
[0, 0, 0, 0, 97, 0, 1, 0, 0, 2]
[0, 0, 0, 2, 1, 94, 1, 0, 0, 2]
[0, 0, 1, 0, 0, 2, 96, 0, 0, 1]
[0, 0, 0, 0, 1, 0, 0, 97, 0, 2]
[9, 1, 3, 2, 1, 5, 2, 0, 70, 7]
[0, 0, 0, 1, 6, 1, 1, 4, 0, 87]

-----------------------------------------------------------------------
-----------------------------------------------------------------------
| K = 15 | Porcentagem: 100 % | Normalização: min_max | Distância: euclidean |

| Taxa de acerto: 89.2 %, erro: 10.799999999999997 % |

[93, 0, 0, 3, 0, 3, 0, 0, 0, 1]
[0, 88, 3, 0, 1, 2, 1, 0, 4, 1]
[0, 0, 87, 5, 0, 2, 2, 0, 4, 0]
[1, 0, 9, 84, 1, 0, 3, 0, 0, 2]
[0, 0, 0, 0, 97, 0, 1, 0, 0, 2]
[0, 0, 0, 2, 1, 95, 0, 0, 0, 2]
[0, 0, 0, 0, 0, 2, 97, 0, 0, 1]
[0, 0, 0, 2, 1, 0, 0, 97, 0, 0]
[10, 2, 2, 3, 3, 4, 0, 1, 69, 6]
[0, 0, 0, 1, 7, 0, 0, 7, 0, 85]

-----------------------------------------------------------------------
-----------------------------------------------------------------------
| K = 17 | Porcentagem: 100 % | Normalização: min_max | Distância: euclidean |

| Taxa de acerto: 88.8 %, erro: 11.200000000000003 % |

[93, 0, 1, 2, 0, 2, 0, 0, 0, 2]
[0, 87, 3, 0, 1, 3, 1, 0, 4, 1]
[0, 0, 86, 7, 0, 1, 3, 0, 3, 0]
[1, 0, 10, 81, 2, 1, 4, 0, 0, 1]
[0, 0, 0, 0, 97, 0, 1, 0, 0, 2]
[0, 0, 0, 2, 1, 95, 0, 0, 0, 2]
[0, 0, 1, 1, 0, 1, 96, 0, 0, 1]
[0, 0, 0, 1, 1, 1, 0, 97, 0, 0]
[10, 0, 1, 3, 2, 6, 0, 2, 70, 6]
[0, 0, 0, 0, 9, 0, 0, 5, 0, 86]

-----------------------------------------------------------------------
-----------------------------------------------------------------------
| K = 19 | Porcentagem: 100 % | Normalização: min_max | Distância: euclidean |

| Taxa de acerto: 88.4 %, erro: 11.599999999999994 % |

[93, 0, 1, 1, 1, 2, 1, 0, 0, 1]
[0, 87, 3, 0, 2, 2, 1, 0, 4, 1]
[0, 0, 87, 6, 0, 2, 2, 0, 3, 0]
[1, 0, 10, 80, 2, 2, 4, 0, 0, 1]
[0, 0, 0, 0, 98, 0, 1, 0, 0, 1]
[0, 1, 0, 3, 1, 93, 0, 0, 0, 2]
[0, 0, 1, 0, 0, 2, 96, 0, 0, 1]
[0, 0, 0, 2, 1, 0, 0, 97, 0, 0]
[10, 3, 2, 3, 2, 4, 1, 1, 67, 7]
[0, 0, 0, 0, 5, 2, 0, 7, 0, 86]

-----------------------------------------------------------------------
-----------------------------------------------------------------------
| K = 1 | Porcentagem: 100 % | Normalização: min_max | Distância: manhattan |

| Taxa de acerto: 90.5 %, erro: 9.5 % |

[94, 0, 0, 0, 1, 2, 1, 1, 0, 1]
[0, 91, 3, 0, 2, 2, 0, 0, 0, 2]
[0, 3, 85, 3, 0, 1, 2, 1, 5, 0]
[1, 2, 8, 83, 0, 3, 1, 0, 0, 2]
[0, 1, 0, 0, 92, 1, 1, 0, 0, 5]
[1, 2, 1, 3, 0, 93, 0, 0, 0, 0]
[0, 1, 0, 0, 0, 1, 98, 0, 0, 0]
[0, 0, 1, 1, 1, 0, 0, 95, 0, 2]
[2, 4, 1, 0, 2, 4, 1, 1, 81, 4]
[0, 1, 0, 0, 2, 2, 0, 2, 0, 93]

-----------------------------------------------------------------------
-----------------------------------------------------------------------
| K = 3 | Porcentagem: 100 % | Normalização: min_max | Distância: manhattan |

| Taxa de acerto: 90.10000000000001 %, erro: 9.899999999999991 % |

[93, 0, 0, 0, 2, 2, 1, 1, 0, 1]
[1, 91, 3, 0, 1, 1, 0, 0, 1, 2]
[0, 1, 86, 6, 1, 3, 1, 0, 2, 0]
[1, 3, 7, 84, 0, 2, 1, 0, 0, 2]
[0, 3, 1, 0, 91, 1, 1, 1, 0, 2]
[0, 2, 0, 2, 0, 92, 1, 2, 0, 1]
[0, 1, 0, 0, 0, 1, 97, 0, 1, 0]
[0, 0, 0, 1, 1, 2, 0, 94, 1, 1]
[3, 2, 2, 1, 2, 3, 3, 2, 81, 1]
[0, 0, 0, 0, 2, 0, 0, 5, 1, 92]

-----------------------------------------------------------------------
-----------------------------------------------------------------------
| K = 5 | Porcentagem: 100 % | Normalização: min_max | Distância: manhattan |

| Taxa de acerto: 90.4 %, erro: 9.599999999999994 % |

[93, 0, 2, 0, 1, 0, 0, 1, 0, 3]
[0, 91, 3, 0, 1, 1, 2, 0, 0, 2]
[0, 1, 87, 5, 2, 0, 2, 1, 1, 1]
[1, 0, 7, 87, 0, 1, 1, 0, 0, 3]
[0, 1, 0, 1, 92, 1, 2, 0, 0, 3]
[2, 0, 0, 4, 0, 91, 1, 0, 1, 1]
[0, 1, 0, 1, 0, 0, 97, 0, 0, 1]
[0, 1, 0, 0, 1, 1, 0, 95, 0, 2]
[3, 2, 0, 0, 3, 4, 2, 0, 80, 6]
[0, 3, 0, 0, 1, 0, 1, 3, 1, 91]

-----------------------------------------------------------------------
-----------------------------------------------------------------------
| K = 7 | Porcentagem: 100 % | Normalização: min_max | Distância: manhattan |

| Taxa de acerto: 90.5 %, erro: 9.5 % |

[93, 0, 0, 1, 2, 0, 0, 1, 1, 2]
[0, 92, 3, 0, 0, 1, 1, 0, 2, 1]
[0, 1, 90, 6, 0, 1, 1, 0, 1, 0]
[1, 0, 7, 85, 0, 3, 1, 0, 0, 3]
[0, 0, 0, 1, 94, 0, 1, 0, 0, 4]
[0, 1, 0, 4, 0, 93, 1, 0, 0, 1]
[0, 0, 0, 1, 0, 1, 97, 0, 0, 1]
[0, 0, 0, 0, 2, 0, 1, 95, 0, 2]
[7, 5, 1, 1, 2, 2, 3, 1, 74, 4]
[0, 4, 0, 0, 1, 0, 0, 3, 0, 92]

-----------------------------------------------------------------------
-----------------------------------------------------------------------
| K = 9 | Porcentagem: 100 % | Normalização: min_max | Distância: manhattan |

| Taxa de acerto: 89.9 %, erro: 10.099999999999994 % |

[93, 0, 1, 0, 0, 2, 1, 1, 0, 2]
[0, 92, 3, 0, 0, 1, 1, 0, 2, 1]
[0, 0, 88, 4, 0, 2, 1, 0, 3, 2]
[1, 0, 7, 87, 0, 1, 2, 0, 0, 2]
[0, 1, 0, 1, 92, 0, 1, 0, 0, 5]
[0, 2, 0, 3, 0, 93, 1, 0, 0, 1]
[0, 1, 0, 0, 0, 3, 96, 0, 0, 0]
[0, 0, 0, 1, 1, 0, 0, 95, 0, 3]
[7, 6, 1, 0, 2, 3, 1, 0, 73, 7]
[0, 2, 0, 0, 3, 1, 0, 4, 0, 90]

-----------------------------------------------------------------------
-----------------------------------------------------------------------
| K = 11 | Porcentagem: 100 % | Normalização: min_max | Distância: manhattan |

| Taxa de acerto: 90.3 %, erro: 9.700000000000003 % |

[93, 0, 0, 0, 0, 3, 1, 1, 1, 1]
[0, 91, 3, 0, 0, 1, 1, 0, 3, 1]
[0, 5, 86, 2, 0, 2, 1, 1, 2, 1]
[1, 0, 6, 87, 0, 2, 2, 0, 0, 2]
[0, 1, 0, 0, 97, 0, 1, 0, 0, 1]
[0, 2, 0, 3, 0, 93, 1, 0, 0, 1]
[0, 0, 0, 0, 0, 3, 97, 0, 0, 0]
[0, 0, 0, 2, 1, 0, 0, 96, 0, 1]
[8, 4, 0, 1, 2, 5, 2, 0, 72, 6]
[0, 1, 0, 1, 2, 0, 1, 4, 0, 91]

-----------------------------------------------------------------------
-----------------------------------------------------------------------
| K = 13 | Porcentagem: 100 % | Normalização: min_max | Distância: manhattan |

| Taxa de acerto: 90.4 %, erro: 9.599999999999994 % |

[94, 0, 0, 1, 0, 2, 1, 0, 0, 2]
[1, 92, 3, 0, 0, 1, 0, 0, 2, 1]
[0, 4, 88, 2, 0, 3, 1, 0, 2, 0]
[1, 0, 7, 86, 1, 2, 2, 0, 0, 1]
[0, 2, 0, 0, 95, 0, 1, 0, 0, 2]
[0, 2, 1, 2, 1, 92, 1, 0, 0, 1]
[0, 0, 0, 0, 0, 3, 97, 0, 0, 0]
[0, 0, 0, 3, 1, 0, 0, 96, 0, 0]
[8, 6, 0, 1, 2, 3, 2, 0, 72, 6]
[0, 1, 0, 0, 1, 0, 1, 4, 1, 92]

-----------------------------------------------------------------------
-----------------------------------------------------------------------
| K = 15 | Porcentagem: 100 % | Normalização: min_max | Distância: manhattan |

| Taxa de acerto: 90.10000000000001 %, erro: 9.899999999999991 % |

[94, 1, 0, 0, 0, 1, 1, 0, 0, 3]
[0, 92, 3, 0, 0, 1, 0, 0, 3, 1]
[0, 4, 88, 2, 0, 3, 1, 0, 2, 0]
[1, 1, 7, 86, 1, 2, 1, 0, 0, 1]
[0, 3, 0, 0, 94, 1, 1, 0, 0, 1]
[0, 3, 0, 2, 1, 92, 0, 0, 0, 2]
[0, 0, 0, 0, 0, 3, 97, 0, 0, 0]
[0, 1, 0, 3, 0, 0, 0, 96, 0, 0]
[9, 8, 1, 1, 1, 1, 1, 1, 70, 7]
[0, 4, 0, 0, 0, 0, 0, 4, 0, 92]

-----------------------------------------------------------------------
-----------------------------------------------------------------------
| K = 17 | Porcentagem: 100 % | Normalização: min_max | Distância: manhattan |

| Taxa de acerto: 90.10000000000001 %, erro: 9.899999999999991 % |

[94, 1, 0, 0, 1, 1, 1, 0, 0, 2]
[0, 92, 3, 0, 0, 1, 0, 0, 3, 1]
[0, 2, 87, 2, 0, 4, 1, 1, 3, 0]
[1, 0, 7, 86, 0, 3, 1, 0, 0, 2]
[0, 3, 0, 0, 95, 0, 1, 0, 0, 1]
[0, 3, 0, 1, 1, 94, 0, 0, 0, 1]
[0, 0, 0, 0, 0, 3, 97, 0, 0, 0]
[0, 1, 0, 2, 0, 0, 0, 97, 0, 0]
[10, 9, 1, 2, 0, 2, 0, 0, 69, 7]
[0, 4, 0, 0, 2, 0, 0, 4, 0, 90]

-----------------------------------------------------------------------
-----------------------------------------------------------------------
| K = 19 | Porcentagem: 100 % | Normalização: min_max | Distância: manhattan |

| Taxa de acerto: 89.4 %, erro: 10.599999999999994 % |

[94, 0, 0, 1, 1, 1, 1, 0, 0, 2]
[0, 92, 3, 0, 0, 1, 0, 0, 3, 1]
[0, 2, 87, 3, 0, 3, 1, 1, 3, 0]
[1, 1, 7, 83, 1, 5, 1, 0, 0, 1]
[0, 4, 0, 0, 93, 1, 1, 0, 0, 1]
[0, 3, 0, 3, 1, 93, 0, 0, 0, 0]
[0, 1, 0, 0, 0, 2, 97, 0, 0, 0]
[0, 1, 0, 3, 0, 0, 0, 96, 0, 0]
[11, 10, 1, 0, 0, 2, 0, 0, 69, 7]
[0, 4, 0, 1, 0, 0, 0, 5, 0, 90]

-----------------------------------------------------------------------
-----------------------------------------------------------------------
| K = 1 | Porcentagem: 100 % | Normalização: z_score | Distância: euclidean |

| Taxa de acerto: 89.1 %, erro: 10.900000000000006 % |

[93, 0, 0, 3, 0, 2, 1, 1, 0, 0]
[0, 89, 3, 1, 1, 3, 1, 0, 2, 0]
[1, 2, 85, 6, 0, 3, 0, 0, 3, 0]
[1, 0, 8, 83, 0, 5, 1, 0, 0, 2]
[0, 1, 0, 0, 93, 1, 1, 0, 1, 3]
[1, 2, 0, 2, 0, 94, 0, 0, 0, 1]
[2, 0, 0, 1, 0, 1, 96, 0, 0, 0]
[0, 0, 0, 2, 1, 0, 0, 94, 0, 3]
[5, 3, 1, 2, 1, 5, 1, 3, 75, 4]
[0, 1, 0, 0, 3, 3, 0, 4, 0, 89]

-----------------------------------------------------------------------
-----------------------------------------------------------------------
| K = 3 | Porcentagem: 100 % | Normalização: z_score | Distância: euclidean |

| Taxa de acerto: 89.8 %, erro: 10.200000000000003 % |

[93, 0, 1, 1, 1, 1, 0, 0, 0, 3]
[1, 88, 4, 0, 1, 2, 1, 0, 2, 1]
[0, 0, 87, 5, 1, 4, 1, 0, 2, 0]
[1, 3, 5, 84, 0, 2, 2, 0, 0, 3]
[0, 2, 1, 0, 92, 2, 1, 1, 0, 1]
[0, 2, 1, 2, 0, 92, 1, 1, 1, 0]
[0, 0, 0, 1, 0, 1, 97, 0, 1, 0]
[0, 0, 0, 0, 2, 0, 0, 96, 1, 1]
[5, 3, 2, 3, 1, 3, 2, 0, 77, 4]
[0, 1, 0, 1, 3, 2, 0, 1, 0, 92]

-----------------------------------------------------------------------
-----------------------------------------------------------------------
| K = 5 | Porcentagem: 100 % | Normalização: z_score | Distância: euclidean |

| Taxa de acerto: 89.9 %, erro: 10.099999999999994 % |

[93, 0, 0, 2, 1, 2, 0, 0, 0, 2]
[1, 87, 3, 0, 1, 1, 1, 0, 4, 2]
[0, 0, 87, 4, 2, 3, 1, 0, 3, 0]
[1, 0, 6, 82, 1, 2, 3, 0, 2, 3]
[0, 1, 0, 1, 93, 1, 1, 0, 0, 3]
[2, 0, 1, 2, 0, 92, 2, 0, 1, 0]
[0, 2, 0, 0, 0, 1, 97, 0, 0, 0]
[0, 0, 0, 0, 2, 0, 0, 97, 0, 1]
[4, 2, 1, 2, 2, 2, 2, 2, 77, 6]
[0, 0, 0, 0, 3, 0, 1, 1, 1, 94]

-----------------------------------------------------------------------
-----------------------------------------------------------------------
| K = 7 | Porcentagem: 100 % | Normalização: z_score | Distância: euclidean |

| Taxa de acerto: 89.7 %, erro: 10.299999999999997 % |

[94, 0, 0, 1, 1, 0, 1, 1, 0, 2]
[0, 87, 3, 0, 1, 2, 2, 0, 4, 1]
[0, 0, 87, 5, 1, 2, 2, 0, 3, 0]
[1, 1, 7, 83, 0, 0, 3, 0, 2, 3]
[0, 1, 0, 1, 92, 0, 1, 0, 0, 5]
[0, 0, 1, 2, 0, 92, 2, 0, 0, 3]
[0, 0, 0, 1, 0, 1, 97, 0, 0, 1]
[0, 0, 0, 0, 2, 0, 0, 97, 0, 1]
[6, 2, 1, 2, 2, 1, 2, 1, 74, 9]
[0, 0, 0, 0, 3, 0, 1, 1, 1, 94]

-----------------------------------------------------------------------
-----------------------------------------------------------------------
| K = 9 | Porcentagem: 100 % | Normalização: z_score | Distância: euclidean |

| Taxa de acerto: 89.60000000000001 %, erro: 10.399999999999991 % |

[94, 1, 0, 2, 0, 1, 1, 0, 0, 1]
[0, 88, 3, 0, 1, 2, 2, 0, 3, 1]
[0, 0, 85, 8, 0, 1, 3, 0, 3, 0]
[1, 1, 7, 83, 0, 0, 3, 0, 0, 5]
[0, 1, 0, 0, 95, 0, 1, 0, 1, 2]
[0, 1, 1, 2, 0, 92, 2, 0, 0, 2]
[0, 0, 1, 1, 0, 1, 96, 0, 0, 1]
[0, 0, 0, 0, 2, 1, 0, 96, 0, 1]
[7, 5, 1, 2, 2, 1, 2, 1, 73, 6]
[0, 0, 0, 0, 3, 0, 1, 2, 0, 94]

-----------------------------------------------------------------------
-----------------------------------------------------------------------
| K = 11 | Porcentagem: 100 % | Normalização: z_score | Distância: euclidean |

| Taxa de acerto: 89.7 %, erro: 10.299999999999997 % |

[94, 0, 0, 2, 1, 1, 1, 0, 0, 1]
[1, 87, 3, 1, 1, 1, 1, 0, 4, 1]
[0, 0, 86, 6, 0, 1, 4, 0, 3, 0]
[1, 1, 7, 83, 0, 0, 4, 0, 0, 4]
[0, 1, 0, 0, 94, 0, 1, 0, 1, 3]
[0, 1, 1, 2, 1, 92, 1, 0, 0, 2]
[0, 0, 1, 0, 0, 1, 97, 0, 0, 1]
[0, 1, 0, 0, 0, 0, 1, 97, 0, 1]
[8, 4, 1, 2, 1, 1, 3, 1, 73, 6]
[0, 0, 0, 0, 2, 0, 1, 3, 0, 94]

-----------------------------------------------------------------------
-----------------------------------------------------------------------
| K = 13 | Porcentagem: 100 % | Normalização: z_score | Distância: euclidean |

| Taxa de acerto: 89.3 %, erro: 10.700000000000003 % |

[94, 0, 0, 2, 1, 0, 2, 0, 0, 1]
[1, 87, 3, 0, 1, 1, 2, 0, 4, 1]
[0, 0, 85, 4, 0, 1, 5, 0, 5, 0]
[1, 0, 7, 83, 1, 0, 4, 0, 0, 4]
[0, 1, 0, 0, 92, 0, 1, 0, 1, 5]
[0, 0, 1, 2, 1, 92, 2, 0, 0, 2]
[0, 0, 1, 0, 0, 1, 97, 0, 0, 1]
[0, 0, 0, 0, 1, 0, 1, 97, 0, 1]
[9, 2, 1, 2, 3, 1, 3, 1, 72, 6]
[0, 0, 0, 0, 1, 0, 1, 4, 0, 94]

-----------------------------------------------------------------------
-----------------------------------------------------------------------
| K = 15 | Porcentagem: 100 % | Normalização: z_score | Distância: euclidean |

| Taxa de acerto: 89.3 %, erro: 10.700000000000003 % |

[95, 0, 0, 2, 0, 0, 2, 0, 0, 1]
[1, 87, 3, 0, 1, 1, 2, 0, 5, 0]
[0, 0, 85, 5, 0, 1, 5, 0, 4, 0]
[1, 0, 7, 83, 1, 0, 4, 0, 1, 3]
[0, 1, 0, 0, 94, 0, 1, 0, 1, 3]
[0, 1, 1, 2, 0, 92, 1, 0, 0, 3]
[0, 0, 1, 0, 0, 1, 97, 0, 0, 1]
[0, 0, 0, 0, 0, 0, 1, 97, 0, 2]
[10, 1, 1, 2, 1, 1, 3, 1, 71, 9]
[0, 0, 0, 0, 1, 0, 1, 5, 1, 92]

-----------------------------------------------------------------------
-----------------------------------------------------------------------
| K = 17 | Porcentagem: 100 % | Normalização: z_score | Distância: euclidean |

| Taxa de acerto: 89.7 %, erro: 10.299999999999997 % |

[96, 1, 0, 2, 0, 0, 1, 0, 0, 0]
[1, 87, 3, 1, 1, 1, 0, 0, 5, 1]
[0, 0, 88, 4, 0, 1, 2, 0, 5, 0]
[1, 0, 8, 83, 0, 0, 3, 0, 0, 5]
[0, 1, 0, 0, 95, 0, 1, 0, 1, 2]
[0, 0, 0, 2, 0, 92, 2, 0, 0, 4]
[0, 0, 1, 0, 0, 1, 97, 0, 0, 1]
[0, 0, 0, 0, 1, 0, 0, 96, 0, 3]
[13, 1, 1, 2, 1, 2, 2, 1, 70, 7]
[0, 0, 0, 0, 1, 0, 1, 5, 0, 93]

-----------------------------------------------------------------------
-----------------------------------------------------------------------
| K = 19 | Porcentagem: 100 % | Normalização: z_score | Distância: euclidean |

| Taxa de acerto: 90.0 %, erro: 10.0 % |

[96, 1, 0, 3, 0, 0, 0, 0, 0, 0]
[1, 88, 3, 0, 1, 1, 0, 0, 5, 1]
[0, 0, 87, 4, 0, 1, 3, 0, 5, 0]
[1, 0, 8, 83, 1, 0, 4, 0, 1, 2]
[0, 1, 0, 0, 95, 0, 1, 0, 1, 2]
[0, 0, 0, 2, 1, 92, 2, 0, 0, 3]
[0, 0, 1, 0, 0, 1, 97, 0, 0, 1]
[0, 0, 0, 0, 0, 0, 0, 97, 0, 3]
[14, 1, 1, 2, 1, 2, 0, 1, 72, 6]
[0, 0, 0, 0, 1, 1, 0, 5, 0, 93]

-----------------------------------------------------------------------
-----------------------------------------------------------------------
| K = 1 | Porcentagem: 100 % | Normalização: z_score | Distância: manhattan |

| Taxa de acerto: 90.5 %, erro: 9.5 % |

[95, 0, 0, 0, 1, 2, 1, 1, 0, 0]
[0, 91, 3, 0, 2, 1, 2, 0, 0, 1]
[0, 2, 87, 5, 0, 2, 1, 1, 2, 0]
[2, 0, 7, 83, 0, 5, 1, 0, 0, 2]
[0, 1, 0, 0, 92, 1, 1, 0, 1, 4]
[1, 1, 0, 3, 0, 94, 0, 0, 0, 1]
[1, 1, 0, 0, 0, 2, 96, 0, 0, 0]
[0, 0, 1, 1, 1, 1, 0, 94, 0, 2]
[3, 2, 0, 2, 1, 6, 1, 2, 80, 3]
[0, 1, 0, 0, 1, 2, 0, 3, 0, 93]

-----------------------------------------------------------------------
-----------------------------------------------------------------------
| K = 3 | Porcentagem: 100 % | Normalização: z_score | Distância: manhattan |

| Taxa de acerto: 90.7 %, erro: 9.299999999999997 % |

[94, 0, 1, 0, 1, 2, 1, 0, 0, 1]
[0, 91, 3, 0, 1, 2, 0, 0, 1, 2]
[1, 0, 86, 5, 2, 2, 1, 1, 2, 0]
[1, 3, 4, 85, 0, 3, 1, 1, 0, 2]
[0, 2, 0, 1, 90, 3, 1, 2, 0, 1]
[0, 2, 1, 2, 0, 92, 1, 1, 1, 0]
[0, 1, 0, 0, 1, 0, 97, 0, 1, 0]
[0, 0, 0, 2, 2, 2, 0, 94, 0, 0]
[3, 0, 0, 1, 1, 3, 3, 1, 84, 4]
[0, 1, 0, 1, 1, 0, 0, 3, 0, 94]

-----------------------------------------------------------------------
-----------------------------------------------------------------------
| K = 5 | Porcentagem: 100 % | Normalização: z_score | Distância: manhattan |

| Taxa de acerto: 91.2 %, erro: 8.799999999999997 % |

[94, 0, 0, 0, 1, 1, 1, 0, 0, 3]
[0, 91, 3, 0, 1, 2, 1, 0, 1, 1]
[0, 0, 86, 6, 3, 0, 2, 1, 2, 0]
[1, 0, 4, 89, 1, 1, 2, 0, 0, 2]
[0, 0, 0, 1, 92, 1, 1, 1, 0, 4]
[2, 0, 0, 3, 0, 93, 1, 0, 1, 0]
[0, 1, 0, 1, 1, 0, 97, 0, 0, 0]
[0, 0, 0, 0, 2, 0, 0, 95, 2, 1]
[1, 0, 0, 2, 1, 4, 2, 2, 82, 6]
[0, 0, 0, 0, 2, 1, 1, 3, 0, 93]

-----------------------------------------------------------------------
-----------------------------------------------------------------------
| K = 7 | Porcentagem: 100 % | Normalização: z_score | Distância: manhattan |

| Taxa de acerto: 92.10000000000001 %, erro: 7.8999999999999915 % |

[94, 0, 0, 1, 1, 0, 1, 0, 0, 3]
[0, 93, 3, 0, 0, 1, 1, 0, 1, 1]
[0, 0, 87, 4, 1, 2, 2, 0, 4, 0]
[1, 0, 5, 88, 0, 1, 2, 1, 0, 2]
[0, 0, 0, 1, 95, 1, 1, 0, 0, 2]
[0, 1, 0, 3, 0, 95, 1, 0, 0, 0]
[0, 0, 0, 1, 0, 1, 98, 0, 0, 0]
[0, 0, 0, 0, 2, 0, 0, 97, 0, 1]
[3, 2, 0, 2, 2, 2, 3, 0, 81, 5]
[0, 0, 0, 0, 2, 1, 1, 3, 0, 93]

-----------------------------------------------------------------------
-----------------------------------------------------------------------
| K = 9 | Porcentagem: 100 % | Normalização: z_score | Distância: manhattan |

| Taxa de acerto: 92.60000000000001 %, erro: 7.3999999999999915 % |

[94, 0, 0, 0, 0, 3, 1, 0, 0, 2]
[0, 94, 3, 0, 0, 1, 0, 0, 1, 1]
[0, 0, 89, 6, 0, 1, 1, 0, 3, 0]
[1, 0, 3, 92, 1, 0, 2, 0, 0, 1]
[0, 0, 0, 1, 96, 1, 1, 0, 1, 0]
[0, 2, 0, 3, 0, 94, 1, 0, 0, 0]
[0, 2, 0, 1, 0, 1, 96, 0, 0, 0]
[0, 0, 0, 1, 1, 0, 0, 97, 0, 1]
[4, 4, 0, 1, 1, 3, 2, 0, 80, 5]
[0, 0, 0, 0, 2, 1, 1, 2, 0, 94]

-----------------------------------------------------------------------
-----------------------------------------------------------------------
| K = 11 | Porcentagem: 100 % | Normalização: z_score | Distância: manhattan |

| Taxa de acerto: 92.10000000000001 %, erro: 7.8999999999999915 % |

[94, 0, 0, 1, 0, 2, 1, 0, 0, 2]
[0, 94, 3, 0, 0, 1, 0, 0, 1, 1]
[0, 1, 89, 3, 0, 1, 3, 0, 3, 0]
[1, 0, 4, 89, 0, 2, 2, 0, 0, 2]
[0, 1, 0, 0, 96, 1, 1, 0, 0, 1]
[0, 2, 0, 3, 0, 94, 0, 0, 0, 1]
[0, 0, 0, 0, 1, 3, 96, 0, 0, 0]
[0, 0, 0, 1, 1, 0, 0, 97, 0, 1]
[4, 4, 0, 1, 0, 5, 2, 0, 78, 6]
[0, 1, 0, 0, 1, 1, 1, 2, 0, 94]

-----------------------------------------------------------------------
-----------------------------------------------------------------------
| K = 13 | Porcentagem: 100 % | Normalização: z_score | Distância: manhattan |

| Taxa de acerto: 92.2 %, erro: 7.799999999999997 % |

[94, 1, 0, 1, 0, 0, 1, 0, 0, 3]
[0, 94, 3, 0, 0, 1, 0, 0, 1, 1]
[0, 2, 87, 1, 0, 3, 2, 1, 4, 0]
[1, 0, 5, 89, 0, 1, 2, 0, 0, 2]
[0, 0, 0, 0, 98, 1, 1, 0, 0, 0]
[0, 2, 0, 2, 1, 95, 0, 0, 0, 0]
[0, 0, 0, 0, 0, 3, 97, 0, 0, 0]
[0, 0, 0, 1, 0, 0, 0, 96, 0, 3]
[7, 4, 0, 0, 1, 4, 2, 0, 77, 5]
[0, 1, 0, 0, 0, 0, 1, 3, 0, 95]

-----------------------------------------------------------------------
-----------------------------------------------------------------------
| K = 15 | Porcentagem: 100 % | Normalização: z_score | Distância: manhattan |

| Taxa de acerto: 91.8 %, erro: 8.200000000000003 % |

[94, 0, 0, 0, 0, 2, 1, 0, 0, 3]
[0, 94, 3, 0, 0, 1, 0, 0, 1, 1]
[0, 1, 89, 1, 0, 4, 1, 0, 4, 0]
[1, 0, 5, 88, 0, 3, 1, 0, 0, 2]
[0, 1, 0, 0, 96, 1, 1, 0, 0, 1]
[0, 2, 0, 2, 0, 95, 0, 0, 0, 1]
[0, 0, 0, 0, 0, 3, 97, 0, 0, 0]
[0, 0, 0, 2, 1, 0, 0, 96, 0, 1]
[7, 4, 0, 1, 3, 3, 0, 0, 76, 6]
[0, 1, 0, 0, 1, 1, 1, 3, 0, 93]

-----------------------------------------------------------------------
-----------------------------------------------------------------------
| K = 17 | Porcentagem: 100 % | Normalização: z_score | Distância: manhattan |

| Taxa de acerto: 91.8 %, erro: 8.200000000000003 % |

[94, 0, 0, 0, 0, 3, 0, 0, 0, 3]
[0, 94, 3, 0, 0, 1, 0, 0, 1, 1]
[0, 2, 89, 2, 0, 2, 1, 0, 4, 0]
[1, 0, 4, 88, 0, 4, 1, 0, 0, 2]
[0, 1, 0, 0, 96, 1, 1, 0, 0, 1]
[0, 2, 0, 2, 0, 95, 0, 0, 0, 1]
[0, 0, 0, 0, 1, 3, 96, 0, 0, 0]
[0, 0, 0, 2, 0, 0, 0, 97, 0, 1]
[6, 5, 0, 3, 1, 3, 1, 0, 74, 7]
[0, 1, 0, 0, 0, 1, 0, 3, 0, 95]

-----------------------------------------------------------------------
-----------------------------------------------------------------------
| K = 19 | Porcentagem: 100 % | Normalização: z_score | Distância: manhattan |

| Taxa de acerto: 91.5 %, erro: 8.5 % |

[94, 0, 0, 0, 0, 2, 0, 0, 1, 3]
[0, 94, 3, 0, 0, 1, 0, 0, 1, 1]
[0, 1, 89, 3, 0, 2, 1, 0, 4, 0]
[1, 0, 5, 87, 0, 5, 1, 0, 0, 1]
[0, 1, 0, 0, 96, 1, 1, 0, 0, 1]
[0, 2, 0, 3, 0, 95, 0, 0, 0, 0]
[0, 1, 0, 0, 0, 2, 97, 0, 0, 0]
[0, 0, 0, 2, 0, 0, 0, 96, 0, 2]
[7, 8, 0, 1, 1, 2, 1, 0, 73, 7]
[0, 2, 0, 0, 0, 1, 0, 3, 0, 94]

-----------------------------------------------------------------------
